SampleNumber	0	1	2	3	4	5	6	7	8	9	10	11	12	13	14	15	16	17	18	19	20	21	22	23	24	25	26	27	28	29	30
SampleName	None	SE5294_SA29366	SE5294_SA29367	SE5294_SA29368	SE5294_SA29369	SE5294_SA29370	SE5294_SA29371	SE5294_SA29372	SE5294_SA29373	SE5294_SA29374	SE5294_SA29375	SE5294_SA29376	SE5294_SA29377	SE5294_SA29378	SE5294_SA29379	SE5294_SA29380	SE5294_SA29381	SE5294_SA29382	SE5294_SA29383	SE5294_SA29384	SE5294_SA29385	SE5294_SA29386	SE5294_SA29387	SE5294_SA29388	SE5294_SA29389	SE5294_SA29390	SE5294_SA29391	SE5294_SA29392	SE5294_SA29393	SE5294_SA29394	SE5294_SA29395
L1T1101	15.86842	2.633471	2.574049	2.476479	2.191983	2.507772	3.172548	3.049932	2.936564	2.841509	3.414577	2.718609	2.954979	3.048289	2.563138	3.007363	2.481468	1.929878	2.378909	2.607694	2.73175	2.922672	2.701309	3.06855	3.002334	2.764362	3.073376	3.22035	3.032613	3.386123	2.73893
L1T1102	13.79468	2.681136	2.663537	2.527744	2.218667	2.539542	3.236479	3.125869	2.988547	2.915996	3.495817	2.781183	3.050613	3.149778	2.656541	3.112954	2.562138	1.988648	2.445355	2.721978	2.876781	2.977886	2.799056	3.131788	3.093925	2.814617	3.095473	3.248473	3.094689	3.42795	2.782163
L1T1103	14.23176	2.675753	2.636475	2.519442	2.198409	2.552735	3.210919	3.090463	2.989392	2.895989	3.463274	2.764501	3.04162	3.111198	2.653356	3.103902	2.553674	1.979601	2.449668	2.681817	2.874766	2.974976	2.787465	3.117301	3.085593	2.796053	3.071548	3.226001	3.078199	3.412651	2.771504
L1T1104	14.31517	2.670672	2.644003	2.517591	2.196695	2.542664	3.224206	3.108597	2.981348	2.890014	3.484699	2.765237	3.034977	3.116948	2.635458	3.097735	2.540289	1.976321	2.426393	2.686965	2.879619	2.954875	2.773841	3.099838	3.079457	2.804033	3.069471	3.226912	3.074668	3.407731	2.773569
L1T1105	14.53337	2.644288	2.632666	2.511244	2.19711	2.527954	3.213869	3.107963	2.976115	2.877629	3.475234	2.759811	3.026302	3.115325	2.629042	3.081135	2.536415	1.965234	2.430258	2.673641	2.866219	2.964146	2.790398	3.092737	3.063885	2.783036	3.076895	3.213041	3.075565	3.411092	2.748382
L1T1106	13.52517	2.692662	2.647804	2.549476	2.213732	2.560443	3.249926	3.135662	3.022289	2.916597	3.501279	2.788753	3.072413	3.14756	2.667778	3.132693	2.546527	1.991975	2.455286	2.713904	2.878014	3.001701	2.812311	3.12618	3.088349	2.820447	3.117014	3.256538	3.122953	3.447789	2.796771
L1T1107	14.39296	2.687448	2.634947	2.517606	2.189274	2.525878	3.198466	3.089842	2.971416	2.892219	3.482144	2.76831	3.012874	3.132753	2.639422	3.089416	2.546258	1.97652	2.43498	2.681868	2.8434	2.964325	2.771081	3.104198	3.074964	2.798745	3.074422	3.236825	3.074538	3.415017	2.777881
L1T1108	13.88536	2.685156	2.639396	2.538398	2.224844	2.565187	3.237898	3.140592	2.990458	2.905057	3.509323	2.752198	3.037088	3.148805	2.652188	3.102432	2.546887	1.988203	2.448653	2.688572	2.84293	2.971506	2.784199	3.126279	3.088889	2.794445	3.101089	3.248459	3.115224	3.448421	2.791859
L1T1109	13.67124	2.689444	2.661299	2.538829	2.216511	2.553429	3.25502	3.130322	2.994719	2.926193	3.526931	2.782889	3.0574	3.132336	2.645506	3.11064	2.56459	1.977846	2.45975	2.711823	2.884523	2.986744	2.81033	3.130791	3.094555	2.812382	3.084294	3.238602	3.105168	3.460029	2.78586
L1T1110	14.25972	2.661626	2.64975	2.525459	2.195207	2.53368	3.222871	3.113428	2.977514	2.899091	3.496643	2.772157	3.047872	3.123418	2.643064	3.092749	2.555934	1.97158	2.430923	2.682286	2.862299	2.951354	2.794799	3.097433	3.079882	2.787841	3.081709	3.218051	3.080368	3.432252	2.759037
L1T1111	14.25713	2.656808	2.646986	2.505409	2.184158	2.534075	3.222159	3.125599	2.983379	2.902935	3.494224	2.785795	3.039386	3.119441	2.641237	3.095529	2.548671	1.972504	2.449032	2.690891	2.867604	2.959974	2.793006	3.089391	3.067604	2.791408	3.076841	3.220951	3.093386	3.417638	2.766853
L1T1112	14.2112	2.67037	2.626345	2.523942	2.202481	2.537864	3.217705	3.106871	2.97639	2.896614	3.499482	2.758656	3.041582	3.135222	2.632576	3.09326	2.548146	1.968605	2.431723	2.680788	2.853036	2.97051	2.777641	3.113316	3.069719	2.810938	3.09178	3.236515	3.109539	3.433745	2.773435
L1T1113	15.14561	2.647841	2.579559	2.507827	2.196725	2.523404	3.169379	3.103902	2.973674	2.877788	3.440711	2.720421	2.994578	3.11056	2.596953	3.058158	2.496023	1.930821	2.424371	2.636037	2.773872	2.938201	2.719917	3.07422	3.003012	2.784526	3.083017	3.241515	3.069155	3.400355	2.777867
L1T1114	14.20212	2.675826	2.645237	2.523925	2.209811	2.531258	3.223684	3.125725	2.963589	2.908292	3.498599	2.769954	3.024303	3.128414	2.628578	3.080915	2.552405	1.973049	2.425986	2.683256	2.850403	2.969529	2.787271	3.104229	3.072441	2.80449	3.081979	3.246282	3.089389	3.442181	2.776881
L1T1115	13.89812	2.674484	2.662603	2.53539	2.206379	2.541988	3.22984	3.123462	2.99348	2.93278	3.517788	2.776502	3.057538	3.140527	2.632911	3.08672	2.546112	1.975263	2.436043	2.676212	2.847925	2.978123	2.800578	3.109991	3.090471	2.802994	3.11272	3.256704	3.108479	3.457971	2.789895
L1T1116	13.94801	2.676269	2.664662	2.533641	2.201565	2.527661	3.237129	3.127838	2.992772	2.893446	3.498488	2.766685	3.046177	3.144369	2.641428	3.116035	2.557051	1.983919	2.438106	2.687525	2.872205	2.986245	2.784916	3.105229	3.085493	2.80987	3.086509	3.245727	3.102669	3.443773	2.794589
L1T1117	13.78602	2.675383	2.658002	2.537513	2.205534	2.556206	3.231665	3.131417	3.002678	2.917852	3.525257	2.777591	3.069242	3.142018	2.639759	3.111979	2.540217	1.978801	2.44136	2.701738	2.849053	2.971601	2.793913	3.111685	3.093736	2.811705	3.101986	3.262312	3.124853	3.458164	2.790758
L1T1118	13.75643	2.670202	2.663629	2.520058	2.205938	2.542633	3.236232	3.137048	2.990621	2.914756	3.525154	2.784194	3.068774	3.14008	2.642736	3.10563	2.552845	1.990806	2.460098	2.69041	2.870114	2.988782	2.797927	3.106882	3.103615	2.807924	3.094871	3.262798	3.127306	3.457839	2.783666
L1T1119	13.99025	2.681471	2.651593	2.538675	2.199411	2.550799	3.22817	3.124158	2.99484	2.920137	3.520019	2.771848	3.054712	3.126826	2.631564	3.100303	2.539048	1.972398	2.428719	2.697577	2.84765	2.974968	2.76716	3.109327	3.085885	2.811633	3.103305	3.255497	3.094889	3.435683	2.791485
L1T1120	13.77123	2.68448	2.658252	2.53128	2.200664	2.541925	3.251128	3.142246	2.999138	2.91597	3.540051	2.76984	3.070435	3.139244	2.627284	3.122753	2.544394	1.990208	2.434208	2.703717	2.853363	2.981521	2.796799	3.104346	3.085208	2.815719	3.085524	3.267303	3.118467	3.460458	2.792849
L1T1121	13.51408	2.69253	2.663105	2.536431	2.223809	2.539395	3.25128	3.14433	3.01812	2.934101	3.523788	2.797625	3.080681	3.162663	2.633297	3.11071	2.539093	1.974736	2.451706	2.678473	2.842397	2.975303	2.809241	3.115813	3.090845	2.837981	3.127107	3.291273	3.140559	3.4675	2.832031
L1T1122	13.65838	2.687644	2.665626	2.541081	2.200039	2.551755	3.248214	3.159217	3.012103	2.918596	3.536496	2.789304	3.056395	3.14876	2.628621	3.119672	2.54693	1.977142	2.44391	2.678309	2.859553	2.976141	2.796256	3.116008	3.090721	2.824143	3.110927	3.276357	3.124437	3.457168	2.800097
L1T1123	13.73273	2.690686	2.658075	2.531839	2.199745	2.556628	3.248429	3.133254	3.004746	2.924197	3.537364	2.780163	3.06904	3.137501	2.619756	3.115773	2.53172	1.977098	2.431774	2.681442	2.846294	2.987838	2.791402	3.122746	3.097838	2.817811	3.09049	3.277327	3.135822	3.470483	2.799995
L1T1124	13.60018	2.686526	2.665964	2.524081	2.199429	2.548389	3.256068	3.148862	3.001361	2.926171	3.546398	2.780661	3.085481	3.150518	2.626082	3.111859	2.53108	1.967886	2.444791	2.675565	2.853091	2.985274	2.788192	3.13729	3.105215	2.826772	3.102238	3.28834	3.139774	3.491277	2.805185
L1T1201	16.88816	2.59506	2.508254	2.435108	2.157828	2.455538	3.133488	3.040663	2.90335	2.81166	3.38432	2.679191	2.911052	3.032799	2.531096	3.013484	2.459531	1.911435	2.369259	2.593986	2.702681	2.871591	2.6678	3.018733	2.965754	2.729231	3.013849	3.199804	2.982779	3.315613	2.716909
L1T1202	14.67125	2.66103	2.639665	2.516665	2.198758	2.526982	3.200397	3.096907	2.959328	2.868661	3.495203	2.760732	3.016242	3.109375	2.619543	3.078817	2.521597	1.9728	2.40556	2.691607	2.837018	2.949326	2.75799	3.113951	3.060293	2.787404	3.057886	3.226358	3.059938	3.374649	2.764066
L1T1203	14.88834	2.641451	2.605731	2.507051	2.193596	2.50932	3.212602	3.093429	2.962067	2.876701	3.478759	2.751768	3.002974	3.110155	2.630524	3.066762	2.511548	1.955684	2.403717	2.654351	2.832657	2.950922	2.762025	3.106901	3.055677	2.777824	3.04836	3.195205	3.058734	3.400021	2.755141
L1T1204	15.20935	2.636997	2.607925	2.494506	2.195686	2.514242	3.1876	3.057826	2.947553	2.860238	3.463264	2.726946	2.981303	3.083223	2.589232	3.063311	2.515755	1.961772	2.415939	2.650069	2.817131	2.930157	2.744893	3.083282	3.030563	2.771704	3.059792	3.216947	3.067321	3.376638	2.738839
L1T1205	15.86079	2.616716	2.600437	2.480326	2.16311	2.509026	3.144834	3.060806	2.924087	2.848799	3.442341	2.715278	2.97955	3.073616	2.571989	3.030439	2.494163	1.941666	2.397403	2.638382	2.785391	2.903138	2.740315	3.047047	3.00825	2.74359	3.006952	3.168689	3.02137	3.351298	2.730199
L1T1206	14.56768	2.665524	2.624786	2.519451	2.196524	2.535318	3.210505	3.120759	2.980676	2.888827	3.495827	2.743647	3.009553	3.124567	2.621117	3.065027	2.533275	1.977663	2.425818	2.667388	2.827463	2.944738	2.74813	3.097613	3.046324	2.779189	3.08734	3.235098	3.064749	3.421512	2.773913
L1T1207	15.17598	2.650492	2.608756	2.503618	2.189626	2.513574	3.188068	3.073519	2.944084	2.877057	3.441581	2.740374	2.994938	3.093705	2.60784	3.068453	2.501864	1.954857	2.41851	2.659669	2.819227	2.93968	2.739633	3.057951	3.033381	2.769035	3.039246	3.194771	3.057931	3.387979	2.754597
L1T1208	14.53246	2.668828	2.636791	2.521367	2.195274	2.5277	3.221442	3.109066	2.966739	2.874974	3.475575	2.767043	3.014057	3.134377	2.633723	3.090167	2.529863	1.981241	2.431372	2.677638	2.833949	2.952048	2.761359	3.089518	3.071503	2.781931	3.060588	3.205807	3.066862	3.414824	2.77192
L1T1209	14.45833	2.660535	2.630316	2.525626	2.194295	2.537041	3.213658	3.09421	2.976072	2.886041	3.480701	2.777168	3.029883	3.117431	2.625703	3.081974	2.554867	1.966795	2.436651	2.673553	2.857914	2.957386	2.779377	3.107169	3.064988	2.792844	3.068604	3.206758	3.069054	3.409982	2.765069
L1T1210	14.9547	2.649989	2.633179	2.495323	2.187463	2.530572	3.199455	3.0922	2.954151	2.878812	3.451112	2.743339	3.008011	3.115247	2.618712	3.070606	2.517886	1.965922	2.41617	2.677685	2.827877	2.934144	2.766038	3.070606	3.043085	2.768575	3.042756	3.19318	3.053872	3.404495	2.734837
L1T1211	14.91634	2.641735	2.621583	2.500087	2.184565	2.501019	3.202131	3.071977	2.964033	2.874843	3.471273	2.74533	3.004667	3.122881	2.625893	3.078092	2.532956	1.976676	2.407423	2.669653	2.836073	2.940367	2.750649	3.069298	3.038196	2.788197	3.05794	3.199083	3.053417	3.403691	2.749931
L1T1212	14.78161	2.650467	2.617384	2.511889	2.191071	2.520613	3.190022	3.087611	2.958871	2.870357	3.469911	2.763183	3.023163	3.110584	2.627611	3.088607	2.524205	1.968566	2.418339	2.671761	2.83376	2.944603	2.755337	3.084293	3.043969	2.786566	3.067293	3.207686	3.05691	3.408722	2.765037
L1T1213	17.44501	2.598252	2.520671	2.423183	2.154527	2.446605	3.133524	3.026155	2.858138	2.789529	3.352669	2.677087	2.877438	3.005905	2.487791	2.950109	2.406592	1.873381	2.352331	2.537121	2.659283	2.869839	2.629798	2.973106	2.915208	2.692628	3.061055	3.2008	3.028378	3.340827	2.713059
L1T1214	14.99146	2.63288	2.621251	2.504586	2.18456	2.506706	3.200996	3.084565	2.947422	2.871169	3.474601	2.752423	3.009867	3.103681	2.605032	3.065409	2.534943	1.955568	2.411744	2.65188	2.824028	2.94221	2.759833	3.057941	3.060236	2.769109	3.049734	3.20473	3.066868	3.3958	2.758763
L1T1215	14.94719	2.63725	2.628509	2.512175	2.178222	2.52681	3.204107	3.098755	2.958985	2.870232	3.46848	2.745	3.009766	3.106239	2.607332	3.062864	2.514454	1.959345	2.406056	2.657877	2.826504	2.950715	2.763151	3.071626	3.039586	2.767767	3.057659	3.19955	3.065065	3.395993	2.762738
L1T1216	14.76057	2.65529	2.634166	2.514042	2.181676	2.512181	3.198627	3.089909	2.976213	2.880095	3.490234	2.747371	3.012328	3.111464	2.59709	3.081776	2.528347	1.977466	2.413084	2.664304	2.822463	2.951659	2.766086	3.073193	3.049913	2.777921	3.05781	3.232058	3.079993	3.405031	2.75764
L1T1217	14.79268	2.648239	2.632002	2.503046	2.183475	2.523048	3.198783	3.096647	2.959652	2.890524	3.495239	2.746493	3.025036	3.113102	2.58922	3.086361	2.508524	1.948423	2.42168	2.659472	2.804527	2.94436	2.767992	3.077789	3.042358	2.774692	3.063719	3.234195	3.080666	3.415785	2.772268
L1T1218	14.81214	2.650506	2.63182	2.508106	2.182028	2.520354	3.202912	3.100121	2.973502	2.880623	3.479645	2.750353	3.003591	3.111878	2.613645	3.075135	2.525182	1.969655	2.405079	2.646109	2.827628	2.949948	2.748488	3.070169	3.053917	2.778244	3.054683	3.215337	3.087069	3.408808	2.763327
L1T1219	14.79471	2.649029	2.640225	2.498853	2.178175	2.51973	3.192086	3.108972	2.969726	2.877966	3.483496	2.747623	3.023829	3.125496	2.5979	3.060069	2.516736	1.964619	2.416684	2.663603	2.82605	2.939928	2.746205	3.067513	3.034169	2.785556	3.060502	3.226277	3.0929	3.422284	2.769091
L1T1220	14.60406	2.651535	2.634661	2.509762	2.190623	2.518486	3.219004	3.10392	2.96986	2.868061	3.501618	2.760115	3.026649	3.124026	2.60236	3.076398	2.522055	1.953971	2.431479	2.656274	2.832469	2.946284	2.760769	3.079709	3.05772	2.789818	3.074237	3.228462	3.08546	3.445583	2.77457
L1T1221	14.08957	2.668576	2.652011	2.519732	2.198403	2.539876	3.226138	3.125562	2.985925	2.898436	3.527042	2.773937	3.052828	3.128678	2.610639	3.103086	2.534629	1.972785	2.4199	2.672335	2.847716	2.962967	2.781918	3.100553	3.073253	2.809379	3.098643	3.274446	3.114384	3.44671	2.789939
L1T1222	14.62452	2.663526	2.633825	2.508108	2.180785	2.521166	3.212051	3.110303	2.957741	2.875432	3.504394	2.751881	3.033549	3.113809	2.588328	3.076939	2.52611	1.965236	2.405217	2.656672	2.815577	2.944426	2.788811	3.080149	3.069848	2.787649	3.079598	3.231511	3.095709	3.419506	2.777623
L1T1223	14.56201	2.662484	2.642714	2.503836	2.177335	2.525478	3.206408	3.117752	2.964997	2.906043	3.509434	2.760148	3.036092	3.120669	2.590443	3.078705	2.50896	1.94911	2.422728	2.649633	2.823398	2.941364	2.757625	3.101688	3.059508	2.770654	3.08316	3.252944	3.106162	3.43353	2.77499
L1T1224	14.82793	2.654366	2.638054	2.504691	2.175883	2.511	3.212108	3.114336	2.968435	2.880312	3.501336	2.758289	3.002355	3.101503	2.584776	3.071139	2.498206	1.9497	2.392848	2.643341	2.79329	2.931783	2.759488	3.076544	3.047615	2.781243	3.055791	3.236281	3.108597	3.439116	2.779651
L1T2101	13.7724	2.686996	2.673004	2.5103	2.205247	2.509354	3.218716	3.221446	2.943969	2.951814	3.508789	2.742534	3.038259	3.069554	2.624279	3.033832	2.542067	1.952078	2.42826	2.703546	2.88886	3.011565	2.79904	3.087522	3.00675	2.816492	3.200361	3.327386	3.130594	3.545714	2.84927
L1T2102	12.82441	2.701689	2.715485	2.531901	2.236726	2.541058	3.259584	3.21498	2.978083	2.961254	3.550445	2.800522	3.072886	3.123798	2.69359	3.108354	2.572843	1.960475	2.460824	2.741084	2.942432	3.030154	2.849582	3.161585	3.083366	2.853916	3.161789	3.320283	3.146548	3.563326	2.837027
L1T2103	13.66281	2.664483	2.695346	2.505209	2.209484	2.514585	3.223107	3.180397	2.979588	2.942894	3.515328	2.772158	3.0451	3.111929	2.653507	3.087303	2.560859	1.945715	2.453407	2.699335	2.896539	2.996113	2.806827	3.129628	3.045019	2.8159	3.145039	3.28878	3.11606	3.518386	2.81916
L1T2104	13.79278	2.677892	2.678091	2.512562	2.220489	2.509506	3.238029	3.173032	2.957346	2.927784	3.539625	2.776738	3.034585	3.114145	2.654401	3.081369	2.566647	1.960877	2.436176	2.71547	2.904511	2.991392	2.787511	3.097678	3.05387	2.803602	3.113709	3.268247	3.105852	3.496412	2.809673
L1T2105	14.21943	2.665728	2.648318	2.487268	2.205756	2.499105	3.219405	3.166643	2.948465	2.9274	3.487756	2.750284	3.024227	3.093114	2.643813	3.065686	2.546274	1.931338	2.426859	2.707403	2.881772	2.964787	2.790497	3.110108	3.035333	2.786782	3.132675	3.257227	3.086138	3.483092	2.807314
L1T2106	13.7552	2.66972	2.675223	2.497966	2.217319	2.523516	3.248119	3.146755	2.973214	2.937035	3.520739	2.784931	3.041717	3.126213	2.659031	3.090074	2.534343	1.949805	2.455708	2.708262	2.885996	2.993578	2.806944	3.119021	3.059359	2.811811	3.109365	3.270291	3.103504	3.508362	2.816877
L1T2107	13.61082	2.669804	2.690639	2.509706	2.231931	2.517463	3.239103	3.170486	2.968902	2.940818	3.519477	2.769794	3.039143	3.123273	2.646025	3.086701	2.542664	1.933422	2.469255	2.713321	2.892873	3.002042	2.802712	3.120958	3.03167	2.839832	3.144961	3.295474	3.123923	3.521935	2.830877
L1T2108	14.44154	2.668214	2.649126	2.505095	2.201644	2.511239	3.226781	3.122615	2.956455	2.913369	3.48148	2.756036	3.02682	3.099114	2.619461	3.058951	2.502212	1.940045	2.432483	2.657735	2.843123	2.98771	2.783713	3.080205	3.022804	2.781406	3.11846	3.267959	3.080742	3.462472	2.800991
L1T2109	13.85217	2.670804	2.668058	2.501318	2.20234	2.541056	3.239455	3.152252	2.980176	2.918187	3.515294	2.76032	3.039577	3.127689	2.645115	3.087575	2.566824	1.956695	2.445454	2.699951	2.867521	2.989385	2.803754	3.106387	3.060207	2.820669	3.114983	3.266587	3.104648	3.485416	2.810136
L1T2110	14.12736	2.651291	2.66824	2.494397	2.196199	2.511074	3.234471	3.143838	2.976079	2.925719	3.492728	2.758951	3.022844	3.123799	2.636869	3.070522	2.546799	1.951159	2.446563	2.690203	2.871043	2.967294	2.800876	3.106344	3.057461	2.792052	3.101466	3.264054	3.099794	3.480444	2.790069
L1T2111	13.82704	2.664851	2.67987	2.500973	2.200258	2.519801	3.221522	3.147499	2.976458	2.933802	3.532634	2.764885	3.050323	3.129881	2.652233	3.096768	2.549501	1.939441	2.455638	2.707944	2.88694	2.981061	2.825297	3.103811	3.074111	2.797521	3.110319	3.267015	3.111311	3.484026	2.807263
L1T2112	14.30487	2.658516	2.648969	2.494064	2.192582	2.506342	3.228268	3.146798	2.979886	2.897331	3.510985	2.765491	3.003493	3.126832	2.626079	3.07377	2.548229	1.953031	2.428705	2.684291	2.868109	2.965207	2.784004	3.102877	3.039358	2.79725	3.083337	3.235956	3.087965	3.469834	2.787568
L1T2113	15.70641	2.620998	2.598782	2.454701	2.180324	2.450951	3.177699	3.105212	2.913821	2.868355	3.439083	2.696667	2.970112	3.086868	2.572593	3.009071	2.456444	1.89119	2.407715	2.631336	2.761369	2.946558	2.674592	3.062523	2.976537	2.745254	3.096598	3.246374	3.07428	3.412549	2.765038
L1T2114	13.79008	2.660149	2.672968	2.517277	2.216072	2.536311	3.238066	3.154103	2.965452	2.929734	3.531133	2.784006	3.029507	3.151656	2.64566	3.098846	2.560201	1.971212	2.435469	2.710473	2.879177	2.988934	2.795757	3.120016	3.065012	2.824697	3.105313	3.258382	3.095971	3.473312	2.795058
L1T2115	13.88725	2.679051	2.658451	2.499286	2.209713	2.536632	3.227777	3.164138	2.974944	2.91467	3.523806	2.778608	3.055426	3.117656	2.63971	3.097937	2.537786	1.960968	2.44938	2.70376	2.873431	2.974337	2.802319	3.111807	3.061765	2.811787	3.105547	3.264184	3.10631	3.47171	2.799854
L1T2116	13.99406	2.672752	2.670113	2.519535	2.206623	2.530923	3.219989	3.144622	2.972298	2.910588	3.510611	2.770389	3.051214	3.12792	2.640219	3.095193	2.531117	1.956041	2.437359	2.703713	2.873943	2.974897	2.80878	3.100411	3.057189	2.798479	3.094824	3.262144	3.107899	3.467855	2.788294
L1T2117	13.34516	2.70044	2.692093	2.526822	2.216142	2.532296	3.246866	3.174905	2.989009	2.934545	3.531174	2.793691	3.067305	3.167574	2.645761	3.117195	2.556537	1.983602	2.449328	2.71217	2.895583	2.991297	2.823973	3.120968	3.078272	2.843874	3.122395	3.285906	3.135982	3.503785	2.815352
L1T2118	13.64593	2.688017	2.67704	2.51068	2.215398	2.545446	3.245961	3.155177	2.983709	2.914978	3.53284	2.788219	3.032845	3.154339	2.645706	3.102688	2.545699	1.967204	2.446433	2.715432	2.88846	2.986263	2.810545	3.116454	3.07617	2.828639	3.095317	3.284646	3.108693	3.484679	2.806392
L1T2119	13.56973	2.681209	2.666293	2.528327	2.208799	2.530277	3.241495	3.159839	2.999431	2.913739	3.537646	2.773238	3.060088	3.158825	2.638996	3.115131	2.564788	1.990502	2.438813	2.704996	2.880359	2.967494	2.807515	3.116222	3.083486	2.818122	3.12794	3.27741	3.126205	3.502979	2.810108
L1T2120	13.73405	2.682709	2.679594	2.517455	2.201473	2.537162	3.236174	3.157617	2.976511	2.916122	3.540043	2.777586	3.05499	3.158318	2.634259	3.123538	2.546081	1.968742	2.43771	2.686857	2.861187	2.986208	2.796631	3.110763	3.068271	2.82296	3.094035	3.292044	3.102603	3.501173	2.797137
L1T2121	13.87218	2.667093	2.678601	2.510189	2.188596	2.544194	3.225148	3.145073	3.004912	2.924857	3.537423	2.763852	3.066113	3.142624	2.618993	3.096256	2.513852	1.94232	2.437461	2.671832	2.864533	2.974849	2.80142	3.112004	3.047219	2.802595	3.126298	3.288718	3.131057	3.489462	2.81028
L1T2122	13.88295	2.666238	2.677035	2.516426	2.199768	2.540183	3.232765	3.137172	2.987496	2.920551	3.525978	2.775552	3.063386	3.139822	2.619757	3.081764	2.523754	1.947755	2.428881	2.676197	2.856841	2.975919	2.795645	3.11891	3.089131	2.815973	3.093087	3.26845	3.139822	3.481231	2.821566
L1T2123	13.3791	2.689214	2.687328	2.509136	2.208467	2.554003	3.251403	3.172261	2.995936	2.941459	3.548652	2.800174	3.058825	3.144629	2.646666	3.140758	2.548264	1.963986	2.442139	2.689293	2.884583	2.985049	2.796735	3.13439	3.10326	2.829575	3.118452	3.30651	3.133506	3.523281	2.812968
L1T2124	13.42126	2.683789	2.684816	2.514286	2.19883	2.542299	3.250125	3.189517	2.988505	2.935873	3.547161	2.795588	3.058964	3.160121	2.644957	3.112761	2.545438	1.957091	2.437174	2.698477	2.872877	2.974824	2.826168	3.156785	3.087688	2.826148	3.103679	3.300486	3.155522	3.51202	2.816771
L1T2201	14.58802	2.660781	2.646241	2.489816	2.193105	2.4996	3.190088	3.143859	2.920079	2.899837	3.478424	2.728262	3.014746	3.075347	2.623642	3.04189	2.541873	1.930208	2.405038	2.666777	2.831135	2.990843	2.740571	3.093295	3.028697	2.80841	3.113327	3.288332	3.068192	3.494079	2.805485
L1T2202	14.43486	2.652532	2.655302	2.498609	2.186938	2.516241	3.198455	3.143409	2.939798	2.906228	3.489865	2.743041	3.007476	3.095793	2.634542	3.072504	2.552819	1.935035	2.419436	2.693334	2.871463	2.974165	2.79488	3.095395	3.041125	2.780536	3.091231	3.227343	3.090155	3.473249	2.784242
L1T2203	14.48069	2.641494	2.651994	2.484134	2.193295	2.500314	3.206392	3.144792	2.944073	2.904133	3.497592	2.747233	3.001813	3.101513	2.625434	3.068733	2.521554	1.943195	2.424194	2.676774	2.885333	2.962933	2.799933	3.092613	3.038973	2.775493	3.094093	3.248232	3.081933	3.470072	2.791053
L1T2204	15.01743	2.641718	2.639578	2.474318	2.180323	2.482487	3.187314	3.102819	2.928625	2.897855	3.45967	2.73232	2.993759	3.088425	2.624831	3.039865	2.514357	1.928761	2.407692	2.661865	2.84303	2.9548	2.762089	3.067984	3.031637	2.787675	3.059874	3.230494	3.056615	3.434261	2.767528
L1T2205	14.74796	2.646882	2.64379	2.482215	2.197392	2.496365	3.19239	3.139972	2.938384	2.91054	3.473567	2.750609	2.992071	3.107074	2.627718	3.070669	2.517412	1.926223	2.401774	2.66674	2.833547	2.965534	2.770665	3.082421	3.020688	2.774192	3.095758	3.240469	3.064664	3.445842	2.776471
L1T2206	13.90293	2.651512	2.670465	2.502506	2.208354	2.508763	3.243554	3.178365	2.965877	2.941926	3.515665	2.75863	3.02361	3.107326	2.635362	3.093045	2.550753	1.957106	2.457144	2.707702	2.87946	2.978533	2.782296	3.099241	3.034093	2.806673	3.131642	3.293832	3.11145	3.49401	2.808177
L1T2207	15.19072	2.628915	2.624595	2.467361	2.178931	2.480262	3.182524	3.11132	2.923314	2.881369	3.452652	2.733993	2.977964	3.090229	2.59728	3.055059	2.506655	1.917346	2.397963	2.657939	2.827348	2.947625	2.754494	3.073184	3.021735	2.784578	3.062227	3.210035	3.056788	3.431365	2.774229
L1T2208	14.495	2.634615	2.662287	2.484887	2.206437	2.504226	3.208163	3.139284	2.943208	2.913286	3.469504	2.73697	2.992668	3.11131	2.635197	3.084401	2.532119	1.9165	2.419421	2.688915	2.841314	2.967607	2.779021	3.098679	3.026867	2.790106	3.114724	3.260315	3.093799	3.454825	2.794343
L1T2209	14.67396	2.648327	2.651588	2.493277	2.199226	2.506713	3.196041	3.117249	2.943321	2.893779	3.483865	2.743247	3.017792	3.103164	2.631414	3.059182	2.525572	1.943284	2.420732	2.664121	2.849973	2.970666	2.757332	3.073561	3.02009	2.781219	3.080888	3.247725	3.081202	3.446895	2.774599
L1T2210	15.06499	2.629641	2.622957	2.477763	2.1819	2.479946	3.178926	3.124247	2.932188	2.866051	3.460349	2.747281	3.000391	3.092581	2.623035	3.052303	2.50407	1.94438	2.408314	2.667211	2.833528	2.955591	2.745371	3.049769	3.01485	2.785767	3.07212	3.226434	3.058948	3.443435	2.75566
L1T2211	14.74643	2.659473	2.64462	2.488996	2.189314	2.48814	3.194946	3.124279	2.936359	2.895828	3.469671	2.746201	3.006871	3.108978	2.634146	3.065818	2.535913	1.939935	2.421873	2.685015	2.853428	2.937313	2.770029	3.065954	3.029472	2.789575	3.069206	3.217489	3.077771	3.436946	2.77001
L1T2212	14.69201	2.654757	2.649923	2.482087	2.190488	2.512262	3.204504	3.110313	2.944991	2.883588	3.483822	2.730566	3.010839	3.100586	2.626687	3.061697	2.528325	1.953782	2.410956	2.675732	2.853841	2.950294	2.762223	3.082048	3.039416	2.793646	3.081346	3.242808	3.074485	3.437038	2.774933
L1T2213	15.6201	2.617573	2.619796	2.462659	2.174891	2.457288	3.170391	3.095507	2.926455	2.877746	3.439825	2.71744	2.949914	3.068467	2.574873	3.012226	2.477702	1.89914	2.404772	2.617614	2.76794	2.927237	2.745365	3.041591	2.948453	2.772405	3.087111	3.246099	3.06931	3.43289	2.77722
L1T2214	14.64489	2.644134	2.65481	2.49766	2.203651	2.498327	3.193021	3.101121	2.933826	2.905999	3.477747	2.744512	3.013303	3.110187	2.627218	3.080006	2.529647	1.943435	2.416377	2.67936	2.866534	2.956177	2.767864	3.067525	3.027413	2.781052	3.070782	3.243357	3.084637	3.457534	2.777892
L1T2215	14.16978	2.65735	2.660617	2.496182	2.197112	2.511281	3.20364	3.147069	2.975543	2.918314	3.522291	2.759895	3.024863	3.122867	2.629184	3.08016	2.537833	1.942402	2.449292	2.685974	2.876862	2.968232	2.787583	3.088944	3.054942	2.807642	3.101912	3.258976	3.099103	3.469564	2.794595
L1T2216	14.42416	2.653558	2.662264	2.499386	2.194195	2.507059	3.219923	3.130469	2.961456	2.894399	3.516446	2.758028	3.007127	3.12447	2.626857	3.099366	2.530839	1.946167	2.430479	2.67171	2.854279	2.952302	2.771194	3.082383	3.051279	2.786872	3.079422	3.247326	3.082616	3.457005	2.776959
L1T2217	14.19559	2.659962	2.652303	2.503833	2.204105	2.508095	3.216978	3.143961	2.970236	2.908373	3.496772	2.757331	3.03581	3.140485	2.633371	3.100539	2.520153	1.952335	2.435431	2.683253	2.866503	2.972062	2.785788	3.100932	3.05427	2.813812	3.068685	3.260242	3.084298	3.466764	2.807724
L1T2218	14.45968	2.665874	2.653066	2.501386	2.20202	2.505009	3.199174	3.132744	2.953391	2.883828	3.501654	2.741137	3.016844	3.108793	2.620713	3.078359	2.528079	1.948384	2.418074	2.682149	2.844209	2.947966	2.795209	3.085879	3.058442	2.807958	3.083157	3.250544	3.088778	3.459822	2.777681
L1T2219	14.62516	2.652819	2.641824	2.495295	2.197696	2.504049	3.215266	3.119894	2.956931	2.867407	3.500213	2.757218	3.017718	3.111277	2.617825	3.072773	2.505082	1.955093	2.404738	2.678787	2.828689	2.94071	2.779521	3.079948	3.053531	2.796697	3.07638	3.258215	3.083281	3.440927	2.765036
L1T2220	14.61233	2.648879	2.643617	2.474993	2.182904	2.509841	3.213062	3.121851	2.964785	2.894486	3.498486	2.756305	3.027229	3.119473	2.59499	3.070652	2.518553	1.970839	2.402551	2.664958	2.835062	2.936876	2.78172	3.082677	3.035648	2.803977	3.065877	3.260577	3.084626	3.436899	2.785286
L1T2221	14.39906	2.664627	2.653655	2.498889	2.191402	2.502203	3.209402	3.137794	2.973821	2.905903	3.530878	2.756038	3.016045	3.132436	2.598455	3.099777	2.50504	1.927606	2.417002	2.671473	2.827746	2.957075	2.762487	3.097753	3.043168	2.796635	3.089975	3.282956	3.103448	3.459349	2.787904
L1T2222	14.40046	2.671034	2.65202	2.482652	2.17889	2.494597	3.225763	3.128282	2.963556	2.898542	3.51288	2.759586	3.032133	3.123739	2.617986	3.076193	2.515394	1.945547	2.416718	2.66982	2.848999	2.956467	2.760056	3.092466	3.055593	2.807171	3.072003	3.250829	3.109718	3.482292	2.798613
L1T2223	14.09889	2.670821	2.673901	2.493551	2.194132	2.532645	3.238862	3.145627	2.972417	2.888363	3.539262	2.760466	3.04482	3.135054	2.616327	3.086347	2.526839	1.95258	2.437312	2.678628	2.845443	2.960314	2.759309	3.113594	3.088682	2.798462	3.071419	3.270954	3.117341	3.490202	2.797442
L1T2224	14.35412	2.666974	2.65373	2.480266	2.191801	2.512573	3.236029	3.147632	2.960474	2.895567	3.531782	2.75733	3.012294	3.12612	2.609512	3.077004	2.513748	1.946907	2.407053	2.683509	2.843395	2.959377	2.772513	3.091796	3.052829	2.802723	3.062663	3.260459	3.109879	3.493579	2.786364

### Most Popular Unknown Index Sequences
### Columns: Index_Sequence Hit_Count
GGGGGG+AGATCT	261700
NAGCTT+NAGCTT	193520
NACGAT+NACGAT	191820
NAACTA+NAACTA	182500
NCCAAT+NCCAAT	179960
NATAAT+NATAAT	176560
AGGGGG+AGATCT	175020
NAGATC+NAGATC	174020
NCTGAT+NCTGAT	173480
NGTCAA+NGTCAA	173400
NAAAAG+NAAAAG	173200
NTTGTA+NTTGTA	170880
NTGTCA+NTGTCA	170200
GGAGGG+AGATCT	167260
NTTCCT+NTTCCT	165940
NCTTGA+NCTTGA	163980
AGGGGA+AGATCT	163660
NGTACG+NGTACG	162760
NATCAG+NATCAG	162080
NTATAC+NTATAC	157360
AGAGGA+AGATCT	157120
GGGGGA+AGATCT	156220
GGGAGG+AGATCT	155840
NTTTCG+NTTTCG	155780
NAGTGG+NAGTGG	154900
AGAGGG+AGATCT	153900
GAGGGG+AGATCT	152560
NCATCC+NCATCC	152020
NGCTAC+NGCTAC	151020
CCCCCC+CCCCCC	150460
NGATGT+NGATGT	149900
NTGGCC+NTGGCC	147800
NTCACG+NTCACG	145560
NGTTCC+NGTTCC	141940
NTAGGC+NTAGGC	138740
NCAGTG+NCAGTG	138620
NCGTCC+NCGTCC	137180
NTGAAA+NTGAAA	136380
GAGAGG+AGATCT	133200
GGAGGA+AGATCT	128880
CCCCCC+AGATCT	121660
NGACCA+NGACCA	120540
GGAAGG+AGATCT	115800
AGAAGA+AGATCT	115420
AGGAGG+AGATCT	107940
NTCCGC+NTCCGC	107100
GGGAGA+AGATCT	103360
AGAAGG+AGATCT	101860
TGGGGG+AGATCT	101500
GGGGTG+AGATCT	100560
GGGTGG+AGATCT	97580
AGGAGA+AGATCT	97380
GGAAGA+AGATCT	93540
TGAGGG+AGATCT	92860
GAAAGG+AGATCT	91300
GAGTGG+AGATCT	89800
AGAAAA+AGATCT	89380
GAAAAG+AGATCT	88340
GAAGGG+AGATCT	87740
TGAGGA+AGATCT	85120
AAAAGA+AGATCT	84400
GGGGGT+AGATCT	83780
AAGGGG+AGATCT	82840
TAGCTT+NAGCTT	81860
TGGGGA+AGATCT	80460
CACGAT+NACGAT	80380
GGGAAA+AGATCT	80240
GGCGGG+AGATCT	80120
AAAAAA+AGATCT	79760
GAGAAG+AGATCT	79420
AGGGTA+AGATCT	79260
CAAAAG+AGATCT	78540
ACAGTG+AGATCT	78420
AAAGGA+AGATCT	77340
AGGGTG+AGATCT	76940
AGAGTA+AGATCT	76800
AAAAAG+AGATCT	76680
AAAGGG+AGATCT	75880
GGGAAG+AGATCT	75400
CAACTA+NAACTA	74760
GAGGGA+AGATCT	74100
TATAAT+NATAAT	73780
GCCAAT+NCCAAT	73400
AGTCAA+NGTCAA	73260
AGAGAA+AGATCT	73140
ACTGAT+NCTGAT	72520
AGAGTG+AGATCT	72380
AAGGGA+AGATCT	72300
GAGTGG+GAGGGG	72140
CTTGTA+NTTGTA	72120
ATGTCA+NTGTCA	71580
AAGAGG+AGATCT	71000
GAGAGA+AGATCT	70780
CAAAAG+NAAAAG	70780
ATTCCT+NTTCCT	69660
AAAAGG+AGATCT	69660
GGAAAG+AGATCT	69640
CAGATC+NAGATC	69620
GATCAG+NATCAG	69600
CAACTA+AGATCT	69440
GGGATG+AGATCT	69340
ACTTGA+NCTTGA	69160
GAAAGA+AGATCT	69060
GGGGAG+AGATCT	68600
GGGGTA+AGATCT	68500
TAGCTT+AGATCT	68240
AGGGGT+AGATCT	68120
CGTACG+NGTACG	67680
AGAATA+AGATCT	67620
AGCGGA+AGATCT	67420
AGCGGG+AGATCT	66920
AAGAGA+AGATCT	66720
GTTTCG+NTTTCG	66680
AGGAAA+AGATCT	66060
CTATAC+NTATAC	65920
AGAAAG+AGATCT	65500
GTGGGG+AGATCT	64940
GAGTGG+NAGTGG	64920
ACTTGA+AGATCT	64780
CGATGT+NGATGT	64260
GCCAAT+AGATCT	64060
TGAAGA+AGATCT	63960
GGAAAA+AGATCT	63960
GAAAAA+AGATCT	63880
GGCTAC+NGCTAC	63020
TGAAGG+AGATCT	62560
TGGAGG+AGATCT	62420
TCATCC+NCATCC	61900
GAGATG+AGATCT	61600
GAAGGA+AGATCT	61560
AGGGAA+AGATCT	61080
GGAGTG+AGATCT	60980
GGCAGG+AGATCT	60480
GAGGTG+AGATCT	60460
GAGAAA+AGATCT	60460
GGAGAG+AGATCT	60140
GGATGG+AGATCT	60020
GTGGCC+NTGGCC	59460
ACAGTG+NCAGTG	59280
ACAGGA+AGATCT	59280
AGGATA+AGATCT	59080
CAAAAG+CAAAGG	58540
ATCACG+NTCACG	58220
AGTCAA+AGATCT	57280
AGGTGG+AGATCT	57200
TTAGGC+NTAGGC	57140
TAAAGA+AGATCT	57140
AGTTCC+NGTTCC	57060
AGATGA+AGATCT	57000
AAAATA+AGATCT	56980
TGGGTG+AGATCT	56840
AGCAGG+AGATCT	56820
GCGGGG+AGATCT	56660
GTGAAA+NTGAAA	56300
AGAGGT+AGATCT	55760
GAGTGG+GAGCGG	55720
TAAGGG+AGATCT	55620
TTAGGC+AGATCT	55560
AGGATG+AGATCT	55420
TAAAGG+AGATCT	55380
AGGAAG+AGATCT	55360
TAGGGG+AGATCT	55320
GGAGGT+AGATCT	54800
GGGGAA+AGATCT	54540
AGCAGA+AGATCT	54500
AGGTGA+AGATCT	54180
TGGGGT+AGATCT	54020
AGAGAG+AGATCT	53960
ACAGGG+AGATCT	53920
CCGTCC+NCGTCC	53660
CAGATC+AGATCT	53560
TGGAGA+AGATCT	53260
TGACCA+AGATCT	53240
GGCGGA+AGATCT	53100
AAGAAA+AGATCT	53080
AGACGA+AGATCT	53060
GGCTAC+AGATCT	52800
GGGTGA+AGATCT	52680
GGAGAA+AGATCT	52440
TATAAT+AGATCT	52240
ATGTCA+AGATCT	51940
TAAAAG+AGATCT	51840
GTGAAA+AGATCT	51700
GGAATG+AGATCT	51700
GAGGAG+AGATCT	51700
AGGGAG+AGATCT	51620
TGAATA+AGATCT	51480
TAAGGA+AGATCT	51220
GGAGTA+AGATCT	51200
TGAGTG+AGATCT	51180
ACTGAT+AGATCT	51040
ACGGGA+AGATCT	50880
AGATGG+AGATCT	50540
TGGGTA+AGATCT	50520
TGAGTA+AGATCT	50420
AGAATG+AGATCT	50340
TGACCA+NGACCA	49980
TCATCC+AGATCT	49980
TAAATA+AGATCT	49280
CGTACG+AGATCT	49140
GGGATA+AGATCT	49120
GGTGGG+AGATCT	49040
AGTTCC+AGTTCG	49040
ACAAGA+AGATCT	48860
TAGAGG+AGATCT	48720
GTTTCG+GTTCGG	48700
GGGGGC+AGATCT	48600
ATTCCT+AGATCT	48540
AGCAAA+AGATCT	48140
GAAATG+AGATCT	48120
CACGAT+AGATCT	48060
TGAGGT+AGATCT	47980
TAAAAA+AGATCT	47860
ATCACG+AGATCT	47800
AGTGGG+AGATCT	47740
AAGATA+AGATCT	47640
GCCAAT+GTCAAT	47560
CGATGT+AGATCT	47540
AAAGTA+AGATCT	47420
GGATGA+AGATCT	47180
AAAGTG+AGATCT	47060
AAGAAG+AGATCT	46720
GTGGCC+AGATCT	46420
GGAATA+AGATCT	46280
AAAGAA+AGATCT	46140
GACAGG+AGATCT	45860
GGCTAC+GGTTAC	45840
GATCAG+AGATCT	45580
GGCAGA+AGATCT	45560
GACAAG+AGATCT	45320
TGAATG+AGATCT	45160
TAGCTT+TAGTTT	45120
GAAGAG+AGATCT	44700
AAGATG+AGATCT	44360
TAAATG+AGATCT	44320
GGGGTT+AGATCT	44280
GGGCGG+AGATCT	44020
GAGATA+AGATCT	43920
GGCAAG+AGATCT	43800
AAGGTA+AGATCT	43620
GCAGGG+AGATCT	43580
TAGAGA+AGATCT	43480
AAGGTG+AGATCT	43260
ACGGGG+AGATCT	42980
TAGGGA+AGATCT	42820
GAGGGG+GAGTGG	42800
TGGATG+AGATCT	42660
GAAATA+AGATCT	42500
GTCCGC+NTCCGC	42420
GATCAG+GATCGG	42220
GAAGTG+AGATCT	42180
AAAGAG+AGATCT	42080
GGGTTG+AGATCT	41760
CTATAC+AGATCT	41680
ACCCCC+AGATCT	41500
AGTGGA+AGATCT	41160
GCGAGG+AGATCT	41060
GGACGA+AGATCT	41000
AGAGGC+AGATCT	40760
AAAATG+AGATCT	40720
GGAGGC+AGATCT	40540
GAGTGG+GAGAGG	40540
GACGGG+AGATCT	40220
GTTTCG+AGATCT	40140
AACAAA+AGATCT	40060
GGGAGT+AGATCT	40040
TAAGTG+AGATCT	39920
ACTGAT+ATTGAT	39900
AGGCGA+AGATCT	39580
TAAGTA+AGATCT	39560
TGAAAA+AGATCT	39500
GCGGGA+AGATCT	39340
TAGATG+AGATCT	39280
GCAGGA+AGATCT	39280
ATGGGG+AGATCT	39240
AGTTCC+AGATCT	39220
GGTTCG+GTTTCG	39180
GTGGCC+GTGGTC	39100
TGGTGG+AGATCT	38880
TAGGTG+AGATCT	38840
TGACGA+AGATCT	38640
TAGCTT+TAGCTG	38640
GAGGGT+AGATCT	38360
GGCAAA+AGATCT	38140
TGGGTT+AGATCT	38120
GAGCGG+AGATCT	38100
TGGATA+AGATCT	37960
GGGCGA+AGATCT	37900
AGCAAG+AGATCT	37840
AGGGGC+AGATCT	37780
ACAAAA+AGATCT	37720
GAGGTA+AGATCT	37680
AGGGTT+AGATCT	37480
AAACGA+AGATCT	37240
AGACAA+AGATCT	37180
TGAGGC+AGATCT	36900
CTTGTA+AGATCT	36700
ACAGTA+AGATCT	36580
AAACTA+AGATCT	36520
GGACGG+AGATCT	36320
CGTACG+CGTATG	36140
TGCGGG+AGATCT	35840
TAGATA+AGATCT	35660
CACGAT+CACGAG	35540
GTAGGG+AGATCT	35480
GACAAA+AGATCT	35480
ACAATA+AGATCT	35340
ATGGGA+AGATCT	35220
TGATGA+AGATCT	35060
GCAAGG+AGATCT	35060
AGACGG+AGATCT	35000
AGCGAA+AGATCT	34880
CCGTCC+AGATCT	34860
GTGGGA+AGATCT	34480
CCCCCC+ACCCCC	34440
AGCGTA+AGATCT	34400
GAAGTA+AGATCT	34340
GAGGAA+AGATCT	34280
AACAAG+AGATCT	34180
AGACTA+AGATCT	34020
GACAGA+AGATCT	33960
TGATGG+AGATCT	33920
ACCGGA+AGATCT	33860
AGGAGT+AGATCT	33820
ACAAGG+AGATCT	33820
AACAGA+AGATCT	33800
GAAGAA+AGATCT	33720
GTGAGG+AGATCT	33600
AAGGAG+AGATCT	33580
ACGAGA+AGATCT	33500
TGAAAG+AGATCT	33440
AGGTCC+AGTTCC	33240
TAGGTA+AGATCT	33040
AGGCAA+AGTCAA	33040
AACAGG+AGATCT	32860
AGCATA+AGATCT	32840
AAGGAA+AGATCT	32700
TGAGTT+AGATCT	32620
GTCCGC+AGATCT	32560
GGTAGG+AGATCT	32520
GGCGAG+AGATCT	32500
AGGCAA+AGATCT	32460
ATGTCA+ATGGCA	32380
TAACTA+AGATCT	32340
TGAGAA+AGATCT	32280
CGATGT+CGATGG	32120
GAGAGT+AGATCT	31720
AGCGGT+AGATCT	31660
GGCGGT+AGATCT	31500
AAGGGT+AGATCT	31500
AGAAGT+AGATCT	31460
ACAGTG+ATAGTG	31300
TGCAGG+AGATCT	31080
GCCGGG+AGATCT	31020
AGGTTA+AGATCT	31020
AGCGTG+AGATCT	31020
ATAGGA+AGATCT	31000
GGGTGT+AGATCT	30920
AGTAGG+AGATCT	30840
AGGCGG+AGATCT	30820
ACTTGA+ATTTGA	30760
AGGTTG+AGATCT	30740
ACGAGG+AGATCT	30700
TGCGGA+AGATCT	30640
GGGAGC+AGATCT	30640
AGAAGC+AGATCT	30640
GCCAAT+GCCAAG	30580
GTTTCG+GGTTCG	30500
AGAGTT+AGATCT	30360
ACGGTA+AGATCT	30140
GGAAGT+AGATCT	30100
TGGTGA+AGATCT	30020
TGACTA+AGATCT	30000
CGAGGA+AGATCT	29980
GTGGCC+GGGGCC	29880
GGCGTG+AGATCT	29880
ACCAAA+AGATCT	29880
TGCAGA+AGATCT	29800
GTGGTG+AGATCT	29780
TAGGGT+AGATCT	29760
TAGATT+AGATCT	29720
TAGGTT+AGATCT	29660
TGAGAG+AGATCT	29280
AGCCGA+AGATCT	29240
GGCATG+AGATCT	29220
GCAAGA+AGATCT	29200
TCAGGA+AGATCT	29140
GGTGGA+AGATCT	29120
ACAGAA+AGATCT	29120
AGATTA+AGATCT	29040
AACGGG+AGATCT	29020
CAAAAA+AGATCT	29000
TAGAAG+AGATCT	28960
CTATAC+CTATAT	28940
TAGAAA+AGATCT	28880
CGAGGG+AGATCT	28780
GCCAGG+AGATCT	28680
ACCAGA+AGATCT	28680
GGCTGG+AGATCT	28580
AACGGA+AGATCT	28580
CAGATC+CAGATG	28560
ACCGGG+AGATCT	28560
TGAAGT+AGATCT	28480
GGAAGC+AGATCT	28460
ATAGGG+AGATCT	28460
GTGTGG+AGATCT	28400
GCGAGA+AGATCT	28380
GAACGA+AGATCT	28380
TAAGGT+AGATCT	28260
TGGAAA+AGATCT	27920
GACATG+AGATCT	27900
AGGCTA+AGATCT	27900
GGTTGG+AGATCT	27740
AGCATG+AGATCT	27740
GATCAG+GAGCAG	27680
CGGGGG+AGATCT	27620
CAAAGG+AGATCT	27420
TGGAGT+AGATCT	27380
GCCAAG+AGATCT	27340
GCGTGG+AGATCT	27240
TTGGGG+AGATCT	27200
TAAAAT+AGATCT	27160
AGATGT+AGATCT	27020
TGAAGC+AGATCT	26920
ACATGA+AGATCT	26860
GATCAG+GTCAGG	26820
AGTGTG+AGATCT	26800
AGTTCC+AGATCC	26580
GCGGTG+AGATCT	26560
AAAGGT+AGATCT	26560
GAGAGC+AGATCT	26520
AACATA+AGATCT	26520
TAAGTT+AGATCT	26500
GAAGGT+AGATCT	26400
AAACAA+AGATCT	26400
TGTGGG+AGATCT	26380
CAAATA+AGATCT	26300
ACACGA+AGATCT	26260
GGCGGC+AGATCT	26200
TAACGA+AGATCT	26160
GGGTTA+AGATCT	26160
ACAGTG+ACAGGG	26160
GGGGAT+AGATCT	26140
ATGTCA+AGGTCA	26140
GAATGG+AGATCT	26120
GTCCGC+CCGCGT	25980
GAGGGC+AGATCT	25980
TGCGGT+AGATCT	25920
TAAGAA+AGATCT	25840
CAACTA+CAATTA	25800
AGCGAG+AGATCT	25760
GCCAAA+GCCAAT	25700
TAAAGT+AGATCT	25680
GGCGAA+AGATCT	25660
GCAAAA+AGATCT	25660
TAGAGT+AGATCT	25580
TGGTTG+AGATCT	25540
TGGGGC+AGATCT	25520
TTAGGC+TTAGGT	25500
GAACTA+AGATCT	25460
AAGAGT+AGATCT	25460
TAAGAG+AGATCT	25400
ACGGTG+AGATCT	25320
GAGCGA+AGATCT	25300
AGTCAA+AGGCAA	25300
AGCGGC+AGATCT	25280
TCAGGG+AGATCT	25260
AGTGGT+AGATCT	25240
GGCAGC+AGATCT	25220
TCAATA+AGATCT	25180
ACAAAG+AGATCT	25100
TGGAAG+AGATCT	25060
GAGGTT+AGATCT	25060
AGGAGC+AGATCT	25060
TGGGAG+AGATCT	25020
GACGGA+AGATCT	24960
GAGAAT+AGATCT	24920
TAAATT+AGATCT	24860
GGAGTT+AGATCT	24860
AAGTGG+AGATCT	24840
GTAGGA+AGATCT	24800
GGCCGA+AGATCT	24800
AGGTGT+AGATCT	24800
CGATGT+AGATGT	24740
AGCCAA+AGATCT	24680
TGATTA+AGATCT	24600
GGTGTG+AGATCT	24600
ACTTGA+ACATGA	24600
ACGTGA+AGATCT	24600
GACGAG+AGATCT	24560
GAAAGC+AGATCT	24560
AGATTG+AGATCT	24560
GAAAAC+AGATCT	24540
GAACGG+AGATCT	24520
AGAACA+AGATCT	24480
TTAGGG+AGATCT	24360
GTTTCG+GTTTAG	24340
AGTTGA+AGATCT	24340
TGATGT+AGATCT	24320
TGACGG+AGATCT	24300
GGATGT+AGATCT	24300
AGTAAA+AGATCT	24300
TCAAGA+AGATCT	24260
ACCAGG+AGATCT	24260
CGAAGG+AGATCT	24200
TGGCGA+AGATCT	24180
ACGATA+AGATCT	24180
TGGGAA+AGATCT	24160
TTAGGA+AGATCT	24140
AGTGTA+AGATCT	24060
TAGCTT+AGCTTG	23980
GAGGGG+GAGGGG	23960
GGGTGC+AGATCT	23920
GCCGGA+AGATCT	23920
ATGGTA+AGATCT	23920
ACTGAT+ACTGAG	23920
GGCCGG+AGATCT	23880
GGGAAT+AGATCT	23840
AAATGA+AGATCT	23840
GCGAAA+AGATCT	23820
ACTTGA+ACTTGG	23820
CGAAGA+AGATCT	23800
CGGGGA+AGATCT	23780
TCAGTA+AGATCT	23760
CAAAGA+AGATCT	23760
GGATTG+AGATCT	23720
GCCAAA+AGATCT	23720
AGGGCA+AGATCT	23720
GAGTGA+AGATCT	23680
AGAGCA+AGATCT	23680
GTGAGA+AGATCT	23560
AGATAA+AGATCT	23560
TGAATT+AGATCT	23480
ATTCCT+ATTCAT	23460
TCGGGA+AGATCT	23440
ACTTGA+ACTGAG	23440
TACAGA+AGATCT	23380
GGGATT+AGATCT	23380
CTTGTA+CTGTAG	23360
TCATCC+TCATCA	23320
TAAGGC+AGATCT	23320
AGTTGG+AGATCT	23240
GCGGTA+AGATCT	23200
GCGGGT+AGATCT	23200
GCCCCC+AGATCT	23140
ACAGAG+AGATCT	23140
AAAAAC+AGATCT	23140
GGCGTA+AGATCT	23100
GGTGGT+AGATCT	23060
TAGTTT+TAGCTT	23040
GCAAAG+AGATCT	23020
AGTAGA+AGATCT	23020
AGCACG+AGATCT	23020
GGCATA+AGATCT	22980
AAAAAT+AGATCT	22980
TCGGGG+AGATCT	22920
ACCGTA+AGATCT	22920
AGGGAT+AGATCT	22880
GATAAG+AGATCT	22860
ACCATA+AGATCT	22860
AGCTGG+AGATCT	22840
GGCTAC+GGCGAC	22820
TGGTGT+AGATCT	22800
GGCAGT+AGATCT	22780
AAAAGT+AGATCT	22760
GAAAGT+AGATCT	22660
AGAAAT+AGATCT	22660
AGTTCC+AGTTAC	22640
AGCTGA+AGATCT	22640
GAAGGC+AGATCT	22560
CGTCCA+CCGTCC	22560
GGGTAG+AGATCT	22540
ACGAAA+AGATCT	22520
GGGGTC+AGATCT	22500
ATCACG+TCACGG	22280
GAGATT+AGATCT	22260
AAAAGC+AGATCT	22220
TAGAAT+AGATCT	22200
AACGAA+AGATCT	22200
AGAAAC+AGATCT	22140
TACAAA+AGATCT	22060
GGGCTG+AGATCT	22020
GGCAAC+AGATCT	22020
GGACTA+AGATCT	22020
AGCAGT+AGATCT	22020
ACGGGT+AGATCT	22020
TCCCCC+AGATCT	21980
GAGCAG+AGATCT	21940
GAAAAT+AGATCT	21940
AGATGC+AGATCT	21940
ACAATG+AGATCT	21900
AGAGAT+AGATCT	21880
AGCAGC+AGATCT	21860
CTATAC+CTATAG	21840
TGATTG+AGATCT	21820
GCAGTG+AGATCT	21820
GGCAAT+AGATCT	21800
AGTCAA+AGACAA	21800
GAACAG+AGATCT	21780
ATTCCT+ATTCCG	21760
TGGTTA+AGATCT	21740
TGGATT+AGATCT	21740
AGTGAA+AGATCT	21720
AAGCGA+AGATCT	21720
GTGGGT+AGATCT	21700
TCATCC+TCATCG	21660
TCAAGG+AGATCT	21660
TAAAGC+AGATCT	21640
ACACTA+AGATCT	21640
AACATG+AGATCT	21560
CAAAAA+CAAAAG	21520
AACGAG+AGATCT	21500
GTGAAA+GGGAAA	21460
CCCACC+AGATCT	21460
ATGTGA+AGATCT	21460
ACCCGA+AGATCT	21440
AAGTGA+AGATCT	21420
TACAGG+AGATCT	21360
GTGGCC+GAGGCC	21360
AAGGTT+AGATCT	21340
GACAAT+AGATCT	21280
AGATCC+AGTTCC	21260
CGGAGG+AGATCT	21240
TAGCTA+AGATCT	21160
AGGATT+AGATCT	21160
ACAGGT+AGATCT	21140
CGTACG+CGTAGG	21120
GGGCTA+AGATCT	21100
GGATTA+AGATCT	21080
GCCAGA+AGATCT	21060
CAGATC+CAGATT	21040
AGCCGG+AGATCT	21040
ACCGGC+AGATCT	21040
TACGGG+AGATCT	21020
GGCTGA+AGATCT	21020
GAGTTG+AGATCT	21020
ACCAAG+AGATCT	21000
AAACGG+AGATCT	21000
TGCAAA+AGATCT	20980
ATGAGG+AGATCT	20980
GCGATG+AGATCT	20960
GGAAAT+AGATCT	20920
GGGGCG+AGATCT	20860
GCGAAG+AGATCT	20860
GACGTG+AGATCT	20860
GTGGGC+AGATCT	20840
ACAGGC+AGATCT	20800
GAGATC+AGATCT	20780
TGAGTC+AGATCT	20740
GGCCGC+AGATCT	20740
ATGTCA+ATGCCA	20740
TGCATG+AGATCT	20680
GGAGAT+AGATCT	20680
GAATGA+AGATCT	20660
TCGGTA+AGATCT	20580
TGCGTA+AGATCT	20500
GATCAG+GAACAG	20500
CAAATG+AGATCT	20500
AGAACG+AGATCT	20480
TACATA+AGATCT	20460
GGAAAC+AGATCT	20460
AGCCTA+AGATCT	20460
GGGACG+AGATCT	20400
GATGGG+AGATCT	20400
ACCGAA+AGATCT	20400
CACGAT+CATGAT	20360
TGCATA+AGATCT	20340
AAGATT+AGATCT	20340
GGTAAG+AGATCT	20320
AGAATT+AGATCT	20280
ACGGAT+ACTGAT	20280
TGCGTG+AGATCT	20240
GTGGTA+AGATCT	20240
ATGTCA+ATGTAA	20240
CAGAGG+AGATCT	20200
ACCCCA+AGATCT	20200
TAAAAC+AGATCT	20180
AAAGGC+AGATCT	20160
TAAATC+AGATCT	20120
GTAAGG+AGATCT	20120
AGGTAA+AGATCT	20120
TACATG+AGATCT	20060
CAAGGG+AGATCT	20060
ATGGTG+AGATCT	20040
AGTAAG+AGATCT	20020
GCGGGC+AGATCT	20000
AGGACA+AGATCT	19980
AGACCA+AGATCT	19980
CAAAGA+CAAAAG	19940
GAACAA+AGATCT	19900
AAATGG+AGATCT	19880
GCCGGC+AGATCT	19860
GGACAA+AGATCT	19820
TATAAT+TATAAG	19800
GTTTCG+GTTTGG	19780
GCAGGC+AGATCT	19780
AGAGTC+AGATCT	19780
TGGAGC+AGATCT	19760
CCGTCC+CCGGCC	19720
AGGACG+AGATCT	19700
TAGGAG+AGATCT	19660
GAGAAC+AGATCT	19660
GGATAG+AGATCT	19640
GGATGC+AGATCT	19600
GACATA+AGATCT	19580
GGCTAC+GGCTAT	19560
AAGCTA+AGATCT	19540
TGCGTT+AGATCT	19520
CGAAAA+AGATCT	19520
AAGAGC+AGATCT	19480
GCAGTA+AGATCT	19460
CTTGTA+CATGTA	19420
AGTCAA+AGTCAG	19420
AGTATG+AGATCT	19420
ATAGTA+AGATCT	19400
ACCCTA+AGATCT	19400
TATAAT+TATAAA	19380
CGAAAG+AGATCT	19280
CAGATG+AGATCT	19200
GCGATA+AGATCT	19160
ACCAGC+AGATCT	19160
ACCAAC+AGATCT	19160
GGGTAA+AGATCT	19080
GGCTGC+AGATCT	19000
CGTATG+CGTACG	19000
TGAATC+AGATCT	18960
AGAGCG+AGATCT	18960
GCCAAT+GCTAAT	18940
AGGAAT+AGATCT	18940
AGGGCG+AGATCT	18900
TCAGTG+AGATCT	18880
GTTTCG+GTTGCG	18860
ATGAGA+AGATCT	18840
ACGGAA+AGATCT	18840
TCAAAA+AGATCT	18800
GGTGAG+AGATCT	18800
AACGTA+AGATCT	18800
CAAGGA+AGATCT	18780
GGCGAC+AGATCT	18760
ATCACG+ATCAGG	18760
AAGGGC+AGATCT	18740
AAGCGG+AGATCT	18740
TCAGGT+AGATCT	18680
CAGGGG+AGATCT	18680
AAAATT+AGATCT	18680
GTGAAA+GTGAAG	18660
CGTACG+CGTAAG	18660
TTGGGA+AGATCT	18640
ACCACC+AGATCT	18620
GACAAC+AGATCT	18600
AGGTGC+AGATCT	18600
AGACAA+AGTCAA	18600
CAGATA+AGATCT	18580
AGGTCA+AGATCT	18580
ACTGGA+AGATCT	18580
GCAGAA+AGATCT	18560
TAATGA+AGATCT	18520
GTCGGG+AGATCT	18520
TGGCGG+AGATCT	18500
CAACTA+CAAGTA	18500
AGCAAT+AGATCT	18460
GGGAAC+AGATCT	18440
AGACTG+AGATCT	18420
AGGGTC+AGATCT	18400
TGCAGT+AGATCT	18360
TGACCA+TGATCA	18360
GCCAAT+ACCAAT	18360
CAACTA+CAACTG	18360
ACGATG+AGATCT	18360
TCGAGG+AGATCT	18340
AAAACA+AGATCT	18300
TAGTGG+AGATCT	18260
TAGCTA+TAGCTT	18260
CAAAAG+CAAAAA	18260
AGCGTT+AGATCT	18260
ATAAGA+AGATCT	18220
TACAAG+AGATCT	18200
GCCAGC+AGATCT	18180
TGACAA+AGATCT	18160
TAGCTG+AGATCT	18160
ACCGTG+AGATCT	18160
TGTGTG+AGATCT	18140
TCAGGC+AGATCT	18120
CGAGTA+AGATCT	18120
GGTATG+AGATCT	18100
GGTAGA+AGATCT	18100
GCCAAC+AGATCT	18080
AAAGTT+AGATCT	18080
GCAATA+AGATCT	18040
GTGGTC+GTGGCC	18020
GGGTTT+AGATCT	18000
GACAGC+AGATCT	17980
CGAGGT+AGATCT	17980
ACCGGT+AGATCT	17980
GGATAA+AGATCT	17960
ACTGAT+ACAGAT	17960
AAGATC+AGATCT	17940
TCGGGT+AGATCT	17880
GTTTCG+GATTCG	17880
TGTGGT+AGATCT	17860
TAGCTT+TAGCTA	17840
TACGGA+AGATCT	17840
GAGCTG+AGATCT	17840
GTGAAA+GAAAGT	17820
CAAGTA+AGATCT	17820
GTGGCC+GTGGGC	17800
GCAGAG+AGATCT	17800
GACAGT+AGATCT	17800
AGTATA+AGATCT	17800
TGTAGG+AGATCT	17760
AGTGAG+AGATCT	17740
CCCCTC+AGATCT	17720
TAAGTC+AGATCT	17700
CGAATA+AGATCT	17680
TCATCC+TCATGC	17660
AATGGG+AGATCT	17660
CAACTA+TAACTA	17600
ATAAGG+AGATCT	17560
GTGAAA+GAGAAA	17520
TTAGGC+TTAGGG	17500
TGGCTA+AGATCT	17500
GGAGAC+AGATCT	17500
CAGATC+CAGATA	17480
AGGCTG+AGATCT	17480
TAGATC+AGATCT	17460
TAACGG+AGATCT	17460
GAGTGG+GGGTGG	17460
TGAAAT+AGATCT	17440
TGACTG+AGATCT	17400
GATCAG+GATTAG	17400
ATGTCA+ATGACA	17400
AGATAG+AGATCT	17400
GCCCGC+AGATCT	17380
AGAGAC+AGATCT	17360
TGGTTT+AGATCT	17340
TGCCGA+AGATCT	17340
TCATCC+TCATAC	17340
GCAATG+AGATCT	17340
GATCAG+GATAAG	17320
GAAGTT+AGATCT	17320
CCGGCC+CCGTCC	17320
ACATGG+AGATCT	17320
ACAACA+AGATCT	17320
TGCGGC+AGATCT	17280
TCATCA+TCATCC	17280
GAGCTA+AGATCT	17280
GAGCGG+GAGCGG	17260
TAGCGA+AGATCT	17240
ACGAAG+AGATCT	17220
AAAGAT+AGATCT	17200
TTAGGC+TAGGCG	17180
GCGGAG+AGATCT	17180
GCCAGT+AGATCT	17180
CGTACG+CATACG	17160
TCACGA+AGATCT	17120
TCAATG+AGATCT	17120
TGCAAG+AGATCT	17100
AGAATC+AGATCT	17100
ACAGTT+AGATCT	17100
GGTTAC+GGCTAC	17080
GGACTG+AGATCT	17080
GGAATT+AGATCT	17060
TGGGTC+AGATCT	17040
GTTTCA+GTTTCG	17040
GAGAGG+GAGTGG	17000
AGCAAC+AGATCT	16980
ACGCGA+AGATCT	16980
TGAGAT+AGATCT	16960
AGACGC+AGATCT	16960
AACGTG+AGATCT	16960
ACGGGC+AGATCT	16940
TGCAGC+AGATCT	16880
GGGGAC+AGATCT	16880
ACAGTG+ACAGAG	16860
GCACGA+AGATCT	16840
ACCCGC+AGATCT	16840
TCAGTT+AGATCT	16820
CGTACA+CGTACG	16820
CTTGTA+CTTGTG	16780
AGCACA+AGATCT	16760
TAACAA+AGATCT	16740
ATCACG+ATTACG	16740
ATCACG+ATCATG	16740
ACCACA+AGATCT	16720
TTGGTG+AGATCT	16700
AAGAAT+AGATCT	16700
AACAAC+AGATCT	16700
GTGAAG+AGATCT	16680
CGATGT+CGAGGT	16680
AGCGAT+AGATCT	16680
ACCCAA+AGATCT	16660
AACGAT+AGATCT	16660
GCCAAG+GCCAAT	16640
ACAAGC+AGATCT	16620
AACCGA+AGATCT	16600
GTCCGC+GTCCCG	16580
CAGAGA+AGATCT	16580
AGTGTT+AGATCT	16580
AACAAT+AGATCT	16580
GCATGG+AGATCT	16560
GCAGGT+AGATCT	16560
CTTGTA+CGTGTA	16560
CACGAT+CACGAA	16560
TGTGGA+AGATCT	16540
TACAAT+AGATCT	16540
GCCAAT+GCCAAA	16520
TAGGAA+AGATCT	16500
GGAGTC+AGATCT	16500
ATGGGT+AGATCT	16500
TGATGC+AGATCT	16480
GGAACG+AGATCT	16480
GAGGAT+AGATCT	16480
GACCAG+AGATCT	16480
CGTACG+CGTACA	16480
GTGGAG+AGATCT	16460
CCCCCC+GCCCCC	16460
GGACGC+AGATCT	16420
GACGAA+AGATCT	16420
CCGTCC+CCGCCC	16400
GTAAGA+AGATCT	16380
CCCCGC+AGATCT	16380
GATAGG+AGATCT	16360
TCGGTG+AGATCT	16320
ATGTGG+AGATCT	16300
ATGGCA+ATGTCA	16300
GCGTGA+AGATCT	16280
GGTTCG+GGTTCG	16260
GGCTAC+GGCTAG	16240
GAGTGA+GAGTGG	16240
CCACCC+AGATCT	16220
ATAGTG+AGATCT	16180
AGGTAG+AGATCT	16180
TCGAGA+AGATCT	16160
TAATGG+AGATCT	16140
AAGGAT+AGATCT	16140
TCACTA+AGATCT	16100
GTTGGG+AGATCT	16100
TAGGGC+AGATCT	16080
ACTTGA+ACTGGA	16060
TCGATA+AGATCT	16040
TCATCC+TCATTC	16020
GAAATT+AGATCT	16020
ACACAA+AGATCT	16020
TACAGT+AGATCT	16000
GACCGG+AGATCT	16000
CAAAGG+CAAAAG	16000
ATGTAA+ATGTCA	16000
CCCCCA+AGATCT	15980
CACAAG+AGATCT	15940
AGGTTT+AGATCT	15940
ACCGAT+AGATCT	15940
TAATTA+AGATCT	15920
GACGGT+AGATCT	15920
CGGAGA+AGATCT	15880
ACGGAT+AGATCT	15860
ACGGAG+AGATCT	15860
CAGATC+CAGAAC	15840
AACGGT+AGATCT	15840
TCCGGA+AGATCT	15820
GGTGTA+AGATCT	15820
GCAAGC+AGATCT	15820
TAACTG+AGATCT	15800
GGCGTT+AGATCT	15800
CGGGTA+AGATCT	15800
TAGAGC+AGATCT	15780
GTGATG+AGATCT	15780
CATGAT+CACGAT	15780
ACCTGA+AGATCT	15780
AACCTA+AGATCT	15780
TGATTT+AGATCT	15740
CTATAT+CTATAC	15740
CAGAAG+AGATCT	15740
TAACTT+AGATCT	15720
ACTTGA+ACTAGA	15720
TAGCTG+TAGCTT	15700
GGAATC+AGATCT	15700
AGCATT+AGATCT	15700
GTTTCG+GTTACG	15680
GATGAG+AGATCT	15680
CACCCC+AGATCT	15660
TTGGGT+AGATCT	15640
GTCCGC+GTCCGT	15640
GATCAG+GATGAG	15640
ATGTCA+ATGTCG	15640
ACCAAT+AGATCT	15640
GGGCAA+AGATCT	15620
GGGGCA+AGATCT	15600
TCGGTT+AGATCT	15580
CCCCAC+AGATCT	15580
CAGATA+CAGATC	15580
GGCGAT+AGATCT	15560
TAACTA+CAACTA	15540
GAAATC+AGATCT	15540
ATTCCT+ATTACT	15540
AAACTG+AGATCT	15520
ACAGAT+AGATCT	15500
GGGATC+AGATCT	15480
CGATGG+AGATCT	15480
TTGGTA+AGATCT	15460
AACCAA+AGATCT	15460
