SampleNumber	Tile	NumberOfReadsRaw	NumberOfReadsPF
0	1101	6470927	4844275
67	1101	0	0
68	1101	18	18
69	1101	4	4
70	1101	0	0
0	1102	6470930	5033523
67	1102	0	0
68	1102	10	10
69	1102	9	9
70	1102	0	0
0	1103	6470921	5058384
67	1103	0	0
68	1103	20	20
69	1103	8	8
70	1103	0	0
0	1104	6470920	5038134
67	1104	0	0
68	1104	23	23
69	1104	6	6
70	1104	0	0
0	1105	6470925	4978199
67	1105	0	0
68	1105	18	18
69	1105	6	6
70	1105	0	0
0	1106	6470910	4992645
67	1106	0	0
68	1106	18	18
69	1106	21	21
70	1106	0	0
0	1107	6470928	5025567
67	1107	1	1
68	1107	12	12
69	1107	8	8
70	1107	0	0
0	1108	6470924	5046815
67	1108	0	0
68	1108	16	16
69	1108	9	9
70	1108	0	0
0	1109	6470930	5063676
67	1109	0	0
68	1109	11	11
69	1109	8	8
70	1109	0	0
0	1110	6470914	5099351
67	1110	0	0
68	1110	26	26
69	1110	9	9
70	1110	0	0
0	1111	6470928	5077301
67	1111	0	0
68	1111	16	16
69	1111	5	5
70	1111	0	0
0	1112	6470927	5049200
67	1112	0	0
68	1112	13	13
69	1112	9	9
70	1112	0	0
0	1113	6470912	4581752
67	1113	0	0
68	1113	26	26
69	1113	11	11
70	1113	0	0
0	1114	6470916	5120563
67	1114	0	0
68	1114	22	22
69	1114	11	11
70	1114	0	0
0	1115	6470925	5108671
67	1115	0	0
68	1115	13	13
69	1115	11	11
70	1115	0	0
0	1116	6470920	5108603
67	1116	0	0
68	1116	23	23
69	1116	6	6
70	1116	0	0
0	1117	6470936	5056507
67	1117	0	0
68	1117	12	12
69	1117	1	1
70	1117	0	0
0	1118	6470932	5094605
67	1118	0	0
68	1118	13	13
69	1118	4	4
70	1118	0	0
0	1119	6470926	5064308
67	1119	0	0
68	1119	15	15
69	1119	8	8
70	1119	0	0
0	1120	6470915	5034349
67	1120	0	0
68	1120	26	26
69	1120	8	8
70	1120	0	0
0	1121	6470930	4821245
67	1121	0	0
68	1121	16	16
69	1121	3	3
70	1121	0	0
0	1122	6470926	5012295
67	1122	0	0
68	1122	18	18
69	1122	5	5
70	1122	0	0
0	1123	6470931	4984049
67	1123	0	0
68	1123	16	16
69	1123	2	2
70	1123	0	0
0	1124	6470924	4927764
67	1124	0	0
68	1124	13	13
69	1124	12	12
70	1124	0	0
0	1201	6470919	4787174
67	1201	0	0
68	1201	15	15
69	1201	15	15
70	1201	0	0
0	1202	6470912	4974771
67	1202	0	0
68	1202	12	12
69	1202	25	25
70	1202	0	0
0	1203	6470925	5006254
67	1203	0	0
68	1203	14	14
69	1203	10	10
70	1203	0	0
0	1204	6470912	5012854
67	1204	0	0
68	1204	29	29
69	1204	8	8
70	1204	0	0
0	1205	6470926	4964031
67	1205	0	0
68	1205	15	15
69	1205	8	8
70	1205	0	0
0	1206	6470921	4978115
67	1206	0	0
68	1206	21	21
69	1206	7	7
70	1206	0	0
0	1207	6470926	5030890
67	1207	1	1
68	1207	14	14
69	1207	8	8
70	1207	0	0
0	1208	6470916	5049192
67	1208	0	0
68	1208	20	20
69	1208	13	13
70	1208	0	0
0	1209	6470929	5045793
67	1209	0	0
68	1209	14	14
69	1209	6	6
70	1209	0	0
0	1210	6470922	5090106
67	1210	0	0
68	1210	16	16
69	1210	11	11
70	1210	0	0
0	1211	6470927	5064281
67	1211	0	0
68	1211	9	9
69	1211	13	13
70	1211	0	0
0	1212	6470937	5093504
67	1212	0	0
68	1212	9	9
69	1212	3	3
70	1212	0	0
0	1213	6470935	4689367
67	1213	0	0
68	1213	10	10
69	1213	4	4
70	1213	0	0
0	1214	6470927	5122302
67	1214	0	0
68	1214	18	18
69	1214	4	4
70	1214	0	0
0	1215	6470933	5108104
67	1215	0	0
68	1215	11	11
69	1215	5	5
70	1215	0	0
0	1216	6470930	5114086
67	1216	0	0
68	1216	13	13
69	1216	6	6
70	1216	0	0
0	1217	6470921	5068207
67	1217	0	0
68	1217	16	16
69	1217	12	12
70	1217	0	0
0	1218	6470925	5092307
67	1218	0	0
68	1218	18	18
69	1218	6	6
70	1218	0	0
0	1219	6470930	5081745
67	1219	0	0
68	1219	10	10
69	1219	9	9
70	1219	0	0
0	1220	6470929	5065988
67	1220	0	0
68	1220	12	12
69	1220	8	8
70	1220	0	0
0	1221	6470913	4837287
67	1221	0	0
68	1221	27	27
69	1221	9	9
70	1221	0	0
0	1222	6470916	5011315
67	1222	0	0
68	1222	29	29
69	1222	4	4
70	1222	0	0
0	1223	6470933	4991127
67	1223	0	0
68	1223	9	9
69	1223	7	7
70	1223	0	0
0	1224	6470924	4960732
67	1224	0	0
68	1224	17	17
69	1224	8	8
70	1224	0	0
0	2101	6470906	4715969
67	2101	0	0
68	2101	31	31
69	2101	12	12
70	2101	0	0
0	2102	6470933	4951810
67	2102	0	0
68	2102	6	6
69	2102	10	10
70	2102	0	0
0	2103	6470926	5009355
67	2103	0	0
68	2103	14	14
69	2103	9	9
70	2103	0	0
0	2104	6470930	5014384
67	2104	0	0
68	2104	13	13
69	2104	6	6
70	2104	0	0
0	2105	6470934	5019836
67	2105	0	0
68	2105	8	8
69	2105	7	7
70	2105	0	0
0	2106	6470925	4955062
67	2106	0	0
68	2106	8	8
69	2106	16	16
70	2106	0	0
0	2107	6470929	5014033
67	2107	0	0
68	2107	12	12
69	2107	8	8
70	2107	0	0
0	2108	6470925	4970580
67	2108	0	0
68	2108	11	11
69	2108	13	13
70	2108	0	0
0	2109	6470926	4883476
67	2109	0	0
68	2109	12	12
69	2109	11	11
70	2109	0	0
0	2110	6470921	5068240
67	2110	0	0
68	2110	22	22
69	2110	6	6
70	2110	0	0
0	2111	6470911	5052503
67	2111	0	0
68	2111	11	11
69	2111	27	27
70	2111	0	0
0	2112	6470918	5053772
67	2112	0	0
68	2112	25	25
69	2112	6	6
70	2112	0	0
0	2113	6470899	4467936
67	2113	0	0
68	2113	37	37
69	2113	13	13
70	2113	0	0
0	2114	6470930	5020445
67	2114	0	0
68	2114	11	11
69	2114	8	8
70	2114	0	0
0	2115	6470930	5051690
67	2115	0	0
68	2115	10	10
69	2115	9	9
70	2115	0	0
0	2116	6470929	5049316
67	2116	0	0
68	2116	13	13
69	2116	7	7
70	2116	0	0
0	2117	6470915	5013197
67	2117	0	0
68	2117	23	23
69	2117	11	11
70	2117	0	0
0	2118	6470923	5028722
67	2118	0	0
68	2118	18	18
69	2118	8	8
70	2118	0	0
0	2119	6470927	5005536
67	2119	0	0
68	2119	12	12
69	2119	10	10
70	2119	0	0
0	2120	6470932	4995340
67	2120	0	0
68	2120	8	8
69	2120	9	9
70	2120	0	0
0	2121	6470929	4636541
67	2121	0	0
68	2121	14	14
69	2121	6	6
70	2121	0	0
0	2122	6470932	4954481
67	2122	0	0
68	2122	10	10
69	2122	7	7
70	2122	0	0
0	2123	6470934	4873112
67	2123	0	0
68	2123	11	11
69	2123	4	4
70	2123	0	0
0	2124	6470936	4909928
67	2124	0	0
68	2124	8	8
69	2124	5	5
70	2124	0	0
0	2201	6470918	4671244
67	2201	0	0
68	2201	21	21
69	2201	10	10
70	2201	0	0
0	2202	6470927	4893152
67	2202	0	0
68	2202	11	11
69	2202	11	11
70	2202	0	0
0	2203	6470925	4986269
67	2203	0	0
68	2203	16	16
69	2203	8	8
70	2203	0	0
0	2204	6470930	4956681
67	2204	0	0
68	2204	14	14
69	2204	5	5
70	2204	0	0
0	2205	6470923	4929073
67	2205	0	0
68	2205	16	16
69	2205	10	10
70	2205	0	0
0	2206	6470918	4952041
67	2206	0	0
68	2206	17	17
69	2206	14	14
70	2206	0	0
0	2207	6470928	4945797
67	2207	0	0
68	2207	11	11
69	2207	10	10
70	2207	0	0
0	2208	6470914	4895709
67	2208	0	0
68	2208	24	24
69	2208	11	11
70	2208	0	0
0	2209	6470929	4950804
67	2209	0	0
68	2209	15	15
69	2209	5	5
70	2209	0	0
0	2210	6470932	5074543
67	2210	0	0
68	2210	12	12
69	2210	5	5
70	2210	0	0
0	2211	6470908	4987570
67	2211	0	0
68	2211	21	21
69	2211	20	20
70	2211	0	0
0	2212	6470928	4953146
67	2212	0	0
68	2212	11	11
69	2212	10	10
70	2212	0	0
0	2213	6470922	4414393
67	2213	0	0
68	2213	20	20
69	2213	7	7
70	2213	0	0
0	2214	6470934	4865458
67	2214	0	0
68	2214	12	12
69	2214	3	3
70	2214	0	0
0	2215	6470928	4978308
67	2215	0	0
68	2215	15	15
69	2215	6	6
70	2215	0	0
0	2216	6470928	4959078
67	2216	0	0
68	2216	12	12
69	2216	9	9
70	2216	0	0
0	2217	6470923	4683320
67	2217	0	0
68	2217	20	20
69	2217	6	6
70	2217	0	0
0	2218	6470933	5034369
67	2218	0	0
68	2218	12	12
69	2218	4	4
70	2218	0	0
0	2219	6470934	5037111
67	2219	0	0
68	2219	9	9
69	2219	6	6
70	2219	0	0
0	2220	6470937	4952367
67	2220	0	0
68	2220	8	8
69	2220	4	4
70	2220	0	0
0	2221	6470910	4679993
67	2221	0	0
68	2221	28	28
69	2221	11	11
70	2221	0	0
0	2222	6470926	4943701
67	2222	0	0
68	2222	12	12
69	2222	11	11
70	2222	0	0
0	2223	6470929	4886265
67	2223	0	0
68	2223	8	8
69	2223	12	12
70	2223	0	0
0	2224	6470926	4884623
67	2224	0	0
68	2224	14	14
69	2224	9	9
70	2224	0	0
