SampleNumber	Tile	NumberOfReadsRaw	NumberOfReadsPF
0	1101	6322252	1179178
71	1101	3368	3368
72	1101	32033	32033
73	1101	92913	92913
74	1101	20383	20383
0	1102	5876761	964759
71	1102	59077	59077
72	1102	115948	115948
73	1102	268989	268989
74	1102	150174	150174
0	1103	6167715	1331617
71	1103	9980	9980
72	1103	22482	22482
73	1103	211289	211289
74	1103	59483	59483
0	1104	6276726	1552547
71	1104	1698	1698
72	1104	4531	4531
73	1104	168324	168324
74	1104	19670	19670
0	1105	5963362	1282577
71	1105	28668	28668
72	1105	44195	44195
73	1105	291443	291443
74	1105	143281	143281
0	1106	6183643	1571898
71	1106	7360	7360
72	1106	11517	11517
73	1106	216575	216575
74	1106	51854	51854
0	1107	6143131	1617512
71	1107	8921	8921
72	1107	14645	14645
73	1107	237468	237468
74	1107	66784	66784
0	1108	6134989	1659353
71	1108	12449	12449
72	1108	16243	16243
73	1108	222004	222004
74	1108	85264	85264
0	1109	5911814	1488768
71	1109	44536	44536
72	1109	57217	57217
73	1109	275339	275339
74	1109	182043	182043
0	1110	6119486	1730869
71	1110	8242	8242
72	1110	12725	12725
73	1110	254842	254842
74	1110	75654	75654
0	1111	6097537	1719184
71	1111	10846	10846
72	1111	14554	14554
73	1111	263188	263188
74	1111	84824	84824
0	1112	6252646	1891611
71	1112	1328	1328
72	1112	3150	3150
73	1112	194692	194692
74	1112	19133	19133
0	1113	6198951	1622432
71	1113	4763	4763
72	1113	8257	8257
73	1113	214283	214283
74	1113	44695	44695
0	1114	6261540	1952532
71	1114	990	990
72	1114	2193	2193
73	1114	190830	190830
74	1114	15396	15396
0	1115	6089299	1793806
71	1115	7096	7096
72	1115	11211	11211
73	1115	283753	283753
74	1115	79590	79590
0	1116	6200619	1937981
71	1116	740	740
72	1116	1685	1685
73	1116	249254	249254
74	1116	18651	18651
0	1117	6008337	1755512
71	1117	20394	20394
72	1117	24831	24831
73	1117	278772	278772
74	1117	138615	138615
0	1118	5493403	1267020
71	1118	151631	151631
72	1118	163190	163190
73	1118	327457	327457
74	1118	335268	335268
0	1119	5388951	1182726
71	1119	201209	201209
72	1119	201551	201551
73	1119	321818	321818
74	1119	357420	357420
0	1120	4976944	767591
71	1120	388162	388162
72	1120	378419	378419
73	1120	325443	325443
74	1120	401981	401981
0	1121	6248881	1918145
71	1121	613	613
72	1121	1330	1330
73	1121	206260	206260
74	1121	13865	13865
0	1122	6068181	1836657
71	1122	10573	10573
72	1122	12531	12531
73	1122	277241	277241
74	1122	102423	102423
0	1123	6141460	1889860
71	1123	3351	3351
72	1123	4896	4896
73	1123	269852	269852
74	1123	51390	51390
0	1124	6212592	1947463
71	1124	1031	1031
72	1124	1793	1793
73	1124	233670	233670
74	1124	21863	21863
0	1201	6394996	1265083
71	1201	611	611
72	1201	7106	7106
73	1201	62628	62628
74	1201	5608	5608
0	1202	6360542	1401631
71	1202	693	693
72	1202	4275	4275
73	1202	98165	98165
74	1202	7274	7274
0	1203	6296282	1429106
71	1203	1713	1713
72	1203	5151	5151
73	1203	149632	149632
74	1203	18171	18171
0	1204	6251624	1482377
71	1204	2618	2618
72	1204	6150	6150
73	1204	183608	183608
74	1204	26949	26949
0	1205	6216659	1523172
71	1205	3218	3218
72	1205	6351	6351
73	1205	209509	209509
74	1205	35212	35212
0	1206	6173477	1506414
71	1206	5979	5979
72	1206	9787	9787
73	1206	229676	229676
74	1206	52030	52030
0	1207	6299596	1730238
71	1207	657	657
72	1207	1612	1612
73	1207	158416	158416
74	1207	10668	10668
0	1208	6210830	1696016
71	1208	3207	3207
72	1208	6069	6069
73	1208	213584	213584
74	1208	37259	37259
0	1209	5243938	786045
71	1209	270352	270352
72	1209	284508	284508
73	1209	320213	320213
74	1209	351938	351938
0	1210	6273179	1856991
71	1210	976	976
72	1210	2182	2182
73	1210	179533	179533
74	1210	15079	15079
0	1211	6195453	1801535
71	1211	3088	3088
72	1211	3968	3968
73	1211	230738	230738
74	1211	37702	37702
0	1212	5133596	764655
71	1212	316438	316438
72	1212	325073	325073
73	1212	320670	320670
74	1212	375172	375172
0	1213	6134990	1560290
71	1213	11082	11082
72	1213	13570	13570
73	1213	234473	234473
74	1213	76834	76834
0	1214	5584525	1255840
71	1214	135146	135146
72	1214	141536	141536
73	1214	304326	304326
74	1214	305416	305416
0	1215	6099172	1780795
71	1215	7138	7138
72	1215	9572	9572
73	1215	272506	272506
74	1215	82561	82561
0	1216	6362184	2083278
71	1216	102	102
72	1216	272	272
73	1216	106518	106518
74	1216	1873	1873
0	1217	5145566	876251
71	1217	297212	297212
72	1217	311478	311478
73	1217	323022	323022
74	1217	393671	393671
0	1218	4972556	729266
71	1218	382650	382650
72	1218	368110	368110
73	1218	334209	334209
74	1218	413424	413424
0	1219	5162128	931782
71	1219	317486	317486
72	1219	312287	312287
73	1219	309961	309961
74	1219	369087	369087
0	1220	5188770	963648
71	1220	296860	296860
72	1220	281451	281451
73	1220	322800	322800
74	1220	381068	381068
0	1221	5590400	1240739
71	1221	148721	148721
72	1221	152817	152817
73	1221	291323	291323
74	1221	287688	287688
0	1222	5353216	1107504
71	1222	238380	238380
72	1222	234316	234316
73	1222	300794	300794
74	1222	344243	344243
0	1223	6116238	1840090
71	1223	7428	7428
72	1223	7847	7847
73	1223	257694	257694
74	1223	81742	81742
0	1224	5246458	916383
71	1224	300992	300992
72	1224	304206	304206
73	1224	277776	277776
74	1224	341517	341517
0	2101	6108266	789414
71	2101	31644	31644
72	2101	73916	73916
73	2101	163912	163912
74	2101	93211	93211
0	2102	5509828	582418
71	2102	184405	184405
72	2102	227931	227931
73	2102	294126	294126
74	2102	254659	254659
0	2103	5325261	479495
71	2103	327091	327091
72	2103	299297	299297
73	2103	253551	253551
74	2103	265749	265749
0	2104	5226948	530454
71	2104	363306	363306
72	2104	296763	296763
73	2104	276766	276766
74	2104	307166	307166
0	2105	5309958	689123
71	2105	320654	320654
72	2105	287593	287593
73	2105	257867	257867
74	2105	294877	294877
0	2106	5190150	541412
71	2106	369566	369566
72	2106	310647	310647
73	2106	295391	295391
74	2106	305195	305195
0	2107	6129873	1594567
71	2107	6335	6335
72	2107	9913	9913
73	2107	235826	235826
74	2107	89002	89002
0	2108	5244210	721948
71	2108	365455	365455
72	2108	223151	223151
73	2108	289560	289560
74	2108	348573	348573
0	2109	4906914	436941
71	2109	431256	431256
72	2109	387840	387840
73	2109	341079	341079
74	2109	403860	403860
0	2110	5001499	637511
71	2110	416495	416495
72	2110	332567	332567
73	2110	325540	325540
74	2110	394848	394848
0	2111	4968303	618738
71	2111	420398	420398
72	2111	357261	357261
73	2111	324841	324841
74	2111	400146	400146
0	2112	5093363	703187
71	2112	377757	377757
72	2112	308896	308896
73	2112	302215	302215
74	2112	388718	388718
0	2113	6213270	1566386
71	2113	2862	2862
72	2113	4545	4545
73	2113	204164	204164
74	2113	46108	46108
0	2114	4840856	530090
71	2114	443245	443245
72	2114	394265	394265
73	2114	345796	345796
74	2114	446787	446787
0	2115	4943279	649843
71	2115	418182	418182
72	2115	363272	363272
73	2115	324851	324851
74	2115	421365	421365
0	2116	4977166	665068
71	2116	405409	405409
72	2116	345884	345884
73	2116	308962	308962
74	2116	433528	433528
0	2117	5054970	790035
71	2117	387841	387841
72	2117	290409	290409
73	2117	300804	300804
74	2117	436925	436925
0	2118	4969695	721550
71	2118	402065	402065
72	2118	328438	328438
73	2118	311734	311734
74	2118	459017	459017
0	2119	5149785	952667
71	2119	334282	334282
72	2119	286404	286404
73	2119	269746	269746
74	2119	430732	430732
0	2120	4895935	688199
71	2120	422930	422930
72	2120	354185	354185
73	2120	335292	335292
74	2120	462607	462607
0	2121	5020554	605296
71	2121	392374	392374
72	2121	360261	360261
73	2121	319802	319802
74	2121	377958	377958
0	2122	4920272	658588
71	2122	413364	413364
72	2122	357210	357210
73	2122	324291	324291
74	2122	455812	455812
0	2123	4992706	708158
71	2123	382632	382632
72	2123	361102	361102
73	2123	308700	308700
74	2123	425809	425809
0	2124	5303460	988478
71	2124	285955	285955
72	2124	258694	258694
73	2124	237043	237043
74	2124	385797	385797
0	2201	6256040	1002482
71	2201	6859	6859
72	2201	27494	27494
73	2201	134199	134199
74	2201	46357	46357
0	2202	5506570	573926
71	2202	285335	285335
72	2202	248711	248711
73	2202	224868	224868
74	2202	205465	205465
0	2203	6338406	1500548
71	2203	932	932
72	2203	2519	2519
73	2203	111445	111445
74	2203	17647	17647
0	2204	6161881	1412428
71	2204	2715	2715
72	2204	6647	6647
73	2204	240016	240016
74	2204	59690	59690
0	2205	5250527	562921
71	2205	351339	351339
72	2205	300625	300625
73	2205	267765	267765
74	2205	300693	300693
0	2206	5195685	552042
71	2206	361927	361927
72	2206	325912	325912
73	2206	281793	281793
74	2206	305632	305632
0	2207	5194118	640687
71	2207	350762	350762
72	2207	331680	331680
73	2207	273106	273106
74	2207	321283	321283
0	2208	5194262	620869
71	2208	357747	357747
72	2208	322014	322014
73	2208	279321	279321
74	2208	317605	317605
0	2209	6219008	1663022
71	2209	852	852
72	2209	1341	1341
73	2209	221200	221200
74	2209	28548	28548
0	2210	5041182	626938
71	2210	376476	376476
72	2210	373702	373702
73	2210	292519	292519
74	2210	387070	387070
0	2211	4954451	572381
71	2211	407625	407625
72	2211	371313	371313
73	2211	316321	316321
74	2211	421239	421239
0	2212	5002862	653221
71	2212	408892	408892
72	2212	367654	367654
73	2212	320205	320205
74	2212	371336	371336
0	2213	5184351	570908
71	2213	353788	353788
72	2213	328935	328935
73	2213	277894	277894
74	2213	325981	325981
0	2214	4985077	662623
71	2214	393929	393929
72	2214	371264	371264
73	2214	308584	308584
74	2214	412095	412095
0	2215	4963263	629082
71	2215	405301	405301
72	2215	374577	374577
73	2215	319159	319159
74	2215	408649	408649
0	2216	5064004	721072
71	2216	385212	385212
72	2216	331823	331823
73	2216	294187	294187
74	2216	395723	395723
0	2217	6174364	1850754
71	2217	1192	1192
72	2217	2279	2279
73	2217	254253	254253
74	2217	38861	38861
0	2218	5169550	869714
71	2218	353198	353198
72	2218	286580	286580
73	2218	274479	274479
74	2218	387142	387142
0	2219	4932059	713931
71	2219	410634	410634
72	2219	358115	358115
73	2219	324628	324628
74	2219	445513	445513
0	2220	4919277	688666
71	2220	417105	417105
72	2220	357197	357197
73	2220	325099	325099
74	2220	452271	452271
0	2221	4953126	602603
71	2221	422536	422536
72	2221	355836	355836
73	2221	333657	333657
74	2221	405794	405794
0	2222	4956169	681250
71	2222	405562	405562
72	2222	374207	374207
73	2222	318102	318102
74	2222	416909	416909
0	2223	4925798	659717
71	2223	410812	410812
72	2223	382107	382107
73	2223	324978	324978
74	2223	427254	427254
0	2224	5163140	865912
71	2224	336187	336187
72	2224	303114	303114
73	2224	277905	277905
74	2224	390603	390603
