SampleNumber	Tile	NumberOfReadsRaw	NumberOfReadsPF
0	1101	6248813	1385460
75	1101	2026	2026
76	1101	17588	17588
77	1101	76731	76731
78	1101	125791	125791
0	1102	5854980	1284316
75	1102	11528	11528
76	1102	30799	30799
77	1102	224062	224062
78	1102	349580	349580
0	1103	5978613	1512873
75	1103	8960	8960
76	1103	24627	24627
77	1103	218600	218600
78	1103	240149	240149
0	1104	5886300	1545496
75	1104	13684	13684
76	1104	31809	31809
77	1104	253654	253654
78	1104	285502	285502
0	1105	5925602	1675297
75	1105	13950	13950
76	1105	34295	34295
77	1105	246209	246209
78	1105	250893	250893
0	1106	6125260	1866324
75	1106	7133	7133
76	1106	29405	29405
77	1106	162346	162346
78	1106	146805	146805
0	1107	5837418	1722200
75	1107	17397	17397
76	1107	40603	40603
77	1107	294811	294811
78	1107	280720	280720
0	1108	5788661	1759053
75	1108	16261	16261
76	1108	43165	43165
77	1108	307012	307012
78	1108	315850	315850
0	1109	5647144	1651572
75	1109	22720	22720
76	1109	47357	47357
77	1109	363779	363779
78	1109	389949	389949
0	1110	6090060	2171683
75	1110	5080	5080
76	1110	39656	39656
77	1110	199142	199142
78	1110	137011	137011
0	1111	5745400	1841038
75	1111	17719	17719
76	1111	47598	47598
77	1111	338485	338485
78	1111	321747	321747
0	1112	5401044	1537920
75	1112	39405	39405
76	1112	60327	60327
77	1112	426721	426721
78	1112	543452	543452
0	1113	6112006	1990948
75	1113	5002	5002
76	1113	36104	36104
77	1113	192480	192480
78	1113	125357	125357
0	1114	5978559	2186437
75	1114	10639	10639
76	1114	46640	46640
77	1114	262100	262100
78	1114	173011	173011
0	1115	5712337	1934497
75	1115	21302	21302
76	1115	57390	57390
77	1115	361431	361431
78	1115	318489	318489
0	1116	6079401	2335413
75	1116	4813	4813
76	1116	48390	48390
77	1116	218919	218919
78	1116	119426	119426
0	1117	5822100	2093233
75	1117	14376	14376
76	1117	55846	55846
77	1117	341417	341417
78	1117	237210	237210
0	1118	5471453	1765548
75	1118	37052	37052
76	1118	63251	63251
77	1118	443015	443015
78	1118	456178	456178
0	1119	4983197	1284493
75	1119	65300	65300
76	1119	67849	67849
77	1119	541057	541057
78	1119	813546	813546
0	1120	5781228	2087951
75	1120	18841	18841
76	1120	55934	55934
77	1120	341334	341334
78	1120	273612	273612
0	1121	6109413	2265661
75	1121	3997	3997
76	1121	37366	37366
77	1121	200937	200937
78	1121	119236	119236
0	1122	6207070	2493558
75	1122	1991	1991
76	1122	35125	35125
77	1122	159835	159835
78	1122	66928	66928
0	1123	6068664	2314590
75	1123	4983	4983
76	1123	44976	44976
77	1123	228877	228877
78	1123	123449	123449
0	1124	6089740	2288507
75	1124	3988	3988
76	1124	41921	41921
77	1124	221931	221931
78	1124	113369	113369
0	1201	6124104	1238890
75	1201	5730	5730
76	1201	22421	22421
77	1201	137308	137308
78	1201	181386	181386
0	1202	6317949	1746453
75	1202	1584	1584
76	1202	20344	20344
77	1202	56496	56496
78	1202	74576	74576
0	1203	6093001	1599805
75	1203	5687	5687
76	1203	30264	30264
77	1203	162761	162761
78	1203	179236	179236
0	1204	6077676	1681264
75	1204	6348	6348
76	1204	33684	33684
77	1204	167777	167777
78	1204	185464	185464
0	1205	6032920	1726673
75	1205	8071	8071
76	1205	38098	38098
77	1205	183303	183303
78	1205	208557	208557
0	1206	6047719	1752013
75	1206	8050	8050
76	1206	33705	33705
77	1206	213116	213116
78	1206	168359	168359
0	1207	6312700	2130553
75	1207	1327	1327
76	1207	22156	22156
77	1207	88349	88349
78	1207	46417	46417
0	1208	5955572	1832729
75	1208	9951	9951
76	1208	38417	38417
77	1208	250805	250805
78	1208	216204	216204
0	1209	5086007	1056046
75	1209	53676	53676
76	1209	56014	56014
77	1209	493284	493284
78	1209	781968	781968
0	1210	5701765	1720982
75	1210	19174	19174
76	1210	48812	48812
77	1210	352776	352776
78	1210	348422	348422
0	1211	5100844	1151374
75	1211	51505	51505
76	1211	57656	57656
77	1211	497914	497914
78	1211	763030	763030
0	1212	5742375	1841930
75	1212	19810	19810
76	1212	52321	52321
77	1212	350816	350816
78	1212	305627	305627
0	1213	6153490	2019208
75	1213	2802	2802
76	1213	33138	33138
77	1213	181183	181183
78	1213	100336	100336
0	1214	5937434	2105496
75	1214	8064	8064
76	1214	49773	49773
77	1214	288425	288425
78	1214	187253	187253
0	1215	6469051	2615466
75	1215	12	12
76	1215	318	318
77	1215	934	934
78	1215	634	634
0	1216	5850336	2067666
75	1216	11335	11335
76	1216	55160	55160
77	1216	334982	334982
78	1216	219136	219136
0	1217	5888156	2135232
75	1217	10250	10250
76	1217	54688	54688
77	1217	324302	324302
78	1217	193553	193553
0	1218	5720197	1992570
75	1218	17934	17934
76	1218	60895	60895
77	1218	384697	384697
78	1218	287226	287226
0	1219	5739806	2035085
75	1219	16632	16632
76	1219	61266	61266
77	1219	388462	388462
78	1219	264783	264783
0	1220	4981367	1268457
75	1220	64317	64317
76	1220	67646	67646
77	1220	549309	549309
78	1220	808310	808310
0	1221	5456290	1668893
75	1221	31714	31714
76	1221	60397	60397
77	1221	445425	445425
78	1221	477123	477123
0	1222	5052019	1352405
75	1222	61547	61547
76	1222	66070	66070
77	1222	527233	527233
78	1222	764080	764080
0	1223	5864356	2127225
75	1223	9600	9600
76	1223	54185	54185
77	1223	344765	344765
78	1223	198043	198043
0	1224	6033648	2241337
75	1224	3990	3990
76	1224	46302	46302
77	1224	256861	256861
78	1224	130148	130148
0	2101	5614849	682948
75	2101	26974	26974
76	2101	17426	17426
77	2101	273460	273460
78	2101	538240	538240
0	2102	5929752	1208018
75	2102	10757	10757
76	2102	26267	26267
77	2102	241184	241184
78	2102	262989	262989
0	2103	5751654	1204883
75	2103	25272	25272
76	2103	33332	33332
77	2103	304932	304932
78	2103	355759	355759
0	2104	5097903	677931
75	2104	48571	48571
76	2104	42085	42085
77	2104	445708	445708
78	2104	836682	836682
0	2105	5014290	698830
75	2105	55969	55969
76	2105	40397	40397
77	2105	461947	461947
78	2105	898346	898346
0	2106	5289525	941621
75	2106	48650	48650
76	2106	21894	21894
77	2106	395462	395462
78	2106	715418	715418
0	2107	5131340	820166
75	2107	54828	54828
76	2107	26753	26753
77	2107	461493	461493
78	2107	796535	796535
0	2108	4923157	839118
75	2108	64550	64550
76	2108	41444	41444
77	2108	512109	512109
78	2108	929689	929689
0	2109	4859003	764550
75	2109	66170	66170
76	2109	53495	53495
77	2109	548593	548593
78	2109	943688	943688
0	2110	4975116	1001504
75	2110	66174	66174
76	2110	41526	41526
77	2110	514052	514052
78	2110	874081	874081
0	2111	4960512	984626
75	2111	66667	66667
76	2111	46305	46305
77	2111	530695	530695
78	2111	866770	866770
0	2112	4644554	577763
75	2112	83358	83358
76	2112	58755	58755
77	2112	612005	612005
78	2112	1072277	1072277
0	2113	5611045	1321978
75	2113	29347	29347
76	2113	49564	49564
77	2113	357665	357665
78	2113	423328	423328
0	2114	4940338	991860
75	2114	68068	68068
76	2114	51453	51453
77	2114	522535	522535
78	2114	888555	888555
0	2115	4453212	506746
75	2115	89368	89368
76	2115	68170	68170
77	2115	645446	645446
78	2115	1214753	1214753
0	2116	4789897	985724
75	2116	75201	75201
76	2116	56326	56326
77	2116	571194	571194
78	2116	978331	978331
0	2117	4966270	1043990
75	2117	69365	69365
76	2117	45490	45490
77	2117	504113	504113
78	2117	885711	885711
0	2118	4746795	969726
75	2118	81944	81944
76	2118	46221	46221
77	2118	546817	546817
78	2118	1049172	1049172
0	2119	4560527	805248
75	2119	88534	88534
76	2119	67086	67086
77	2119	631643	631643
78	2119	1123159	1123159
0	2120	4851332	984962
75	2120	73472	73472
76	2120	62218	62218
77	2120	552088	552088
78	2120	931839	931839
0	2121	4944068	964341
75	2121	68349	68349
76	2121	53220	53220
77	2121	545799	545799
78	2121	859513	859513
0	2122	5335697	1464218
75	2122	44834	44834
76	2122	63248	63248
77	2122	480372	480372
78	2122	546798	546798
0	2123	5827200	1848606
75	2123	10267	10267
76	2123	56659	56659
77	2123	357896	357896
78	2123	218927	218927
0	2124	5270897	1368197
75	2124	45517	45517
76	2124	67873	67873
77	2124	503476	503476
78	2124	583186	583186
0	2201	5580552	522783
75	2201	22771	22771
76	2201	33403	33403
77	2201	260271	260271
78	2201	573952	573952
0	2202	5346529	699143
75	2202	36463	36463
76	2202	31863	31863
77	2202	382787	382787
78	2202	673307	673307
0	2203	5296092	624281
75	2203	38453	38453
76	2203	28174	28174
77	2203	387093	387093
78	2203	721137	721137
0	2204	6443976	2016887
75	2204	147	147
76	2204	10082	10082
77	2204	7923	7923
78	2204	8821	8821
0	2205	5546125	1146952
75	2205	33374	33374
76	2205	45533	45533
77	2205	360691	360691
78	2205	485226	485226
0	2206	5965921	1582060
75	2206	13026	13026
76	2206	38758	38758
77	2206	267162	267162
78	2206	186082	186082
0	2207	5885423	1547047
75	2207	17287	17287
76	2207	42580	42580
77	2207	300150	300150
78	2207	225509	225509
0	2208	5148037	905239
75	2208	52924	52924
76	2208	35456	35456
77	2208	435373	435373
78	2208	799159	799159
0	2209	4901792	695744
75	2209	66021	66021
76	2209	51165	51165
77	2209	533218	533218
78	2209	918753	918753
0	2210	4912367	798639
75	2210	64431	64431
76	2210	47302	47302
77	2210	536426	536426
78	2210	910423	910423
0	2211	4993569	964545
75	2211	63914	63914
76	2211	40016	40016
77	2211	520361	520361
78	2211	853089	853089
0	2212	5043773	965029
75	2212	61764	61764
76	2212	51990	51990
77	2212	498498	498498
78	2212	814924	814924
0	2213	5062351	615394
75	2213	62438	62438
76	2213	44230	44230
77	2213	451321	451321
78	2213	850609	850609
0	2214	4833109	798393
75	2214	70801	70801
76	2214	56651	56651
77	2214	527524	527524
78	2214	982864	982864
0	2215	5706572	1781623
75	2215	19509	19509
76	2215	67621	67621
77	2215	341769	341769
78	2215	335478	335478
0	2216	4927780	1000378
75	2216	67277	67277
76	2216	54764	54764
77	2216	516886	516886
78	2216	904242	904242
0	2217	4752651	857739
75	2217	76250	76250
76	2217	64096	64096
77	2217	576693	576693
78	2217	1001259	1001259
0	2218	5741630	1884184
75	2218	17535	17535
76	2218	58065	58065
77	2218	379289	379289
78	2218	274430	274430
0	2219	4766837	998160
75	2219	76470	76470
76	2219	64974	64974
77	2219	569431	569431
78	2219	993237	993237
0	2220	5678483	1831400
75	2220	21512	21512
76	2220	61092	61092
77	2220	407617	407617
78	2220	302245	302245
0	2221	5597694	1625938
75	2221	26514	26514
76	2221	55433	55433
77	2221	383878	383878
78	2221	407430	407430
0	2222	4734101	911970
75	2222	86513	86513
76	2222	49472	49472
77	2222	575477	575477
78	2222	1025386	1025386
0	2223	4740420	921383
75	2223	79773	79773
76	2223	62458	62458
77	2223	589148	589148
78	2223	999150	999150
0	2224	4729221	767962
75	2224	80568	80568
76	2224	57640	57640
77	2224	551145	551145
78	2224	1052375	1052375
