SampleNumber	Tile	NumberOfReadsRaw	NumberOfReadsPF
0	1101	2322563	782445
1	1101	129852	129852
2	1101	126922	126922
3	1101	122111	122111
4	1101	108083	108083
5	1101	123654	123654
6	1101	156433	156433
7	1101	150387	150387
8	1101	144797	144797
9	1101	140110	140110
10	1101	168367	168367
11	1101	134050	134050
12	1101	145705	145705
13	1101	150306	150306
14	1101	126384	126384
15	1101	148288	148288
16	1101	122357	122357
17	1101	95159	95159
18	1101	117300	117300
19	1101	128581	128581
20	1101	134698	134698
21	1101	144112	144112
22	1101	133197	133197
23	1101	151305	151305
24	1101	148040	148040
25	1101	136306	136306
26	1101	151543	151543
27	1101	158790	158790
28	1101	149533	149533
29	1101	166964	166964
30	1101	135052	135052
0	1102	2072225	703889
1	1102	136808	136808
2	1102	135910	135910
3	1102	128981	128981
4	1102	113210	113210
5	1102	129583	129583
6	1102	165145	165145
7	1102	159501	159501
8	1102	152494	152494
9	1102	148792	148792
10	1102	178378	178378
11	1102	141913	141913
12	1102	155661	155661
13	1102	160721	160721
14	1102	135553	135553
15	1102	158842	158842
16	1102	130736	130736
17	1102	101473	101473
18	1102	124777	124777
19	1102	138892	138892
20	1102	146791	146791
21	1102	151950	151950
22	1102	142825	142825
23	1102	159803	159803
24	1102	157871	157871
25	1102	143619	143619
26	1102	157950	157950
27	1102	165757	165757
28	1102	157910	157910
29	1102	174915	174915
30	1102	141963	141963
0	1103	2086268	727562
1	1103	136791	136791
2	1103	134783	134783
3	1103	128800	128800
4	1103	112388	112388
5	1103	130502	130502
6	1103	164150	164150
7	1103	157992	157992
8	1103	152825	152825
9	1103	148050	148050
10	1103	177051	177051
11	1103	141328	141328
12	1103	155495	155495
13	1103	159052	159052
14	1103	135646	135646
15	1103	158679	158679
16	1103	130550	130550
17	1103	101202	101202
18	1103	125233	125233
19	1103	137101	137101
20	1103	146965	146965
21	1103	152088	152088
22	1103	142502	142502
23	1103	159364	159364
24	1103	157743	157743
25	1103	142941	142941
26	1103	157025	157025
27	1103	164921	164921
28	1103	157365	157365
29	1103	174463	174463
30	1103	141686	141686
0	1104	2069172	735395
1	1104	137197	137197
2	1104	135827	135827
3	1104	129333	129333
4	1104	112848	112848
5	1104	130621	130621
6	1104	165633	165633
7	1104	159694	159694
8	1104	153157	153157
9	1104	148465	148465
10	1104	179015	179015
11	1104	142055	142055
12	1104	155912	155912
13	1104	160123	160123
14	1104	135388	135388
15	1104	159136	159136
16	1104	130499	130499
17	1104	101527	101527
18	1104	124648	124648
19	1104	138034	138034
20	1104	147931	147931
21	1104	151797	151797
22	1104	142497	142497
23	1104	159244	159244
24	1104	158197	158197
25	1104	144048	144048
26	1104	157684	157684
27	1104	165772	165772
28	1104	157951	157951
29	1104	175061	175061
30	1104	142483	142483
0	1105	2036476	754070
1	1105	137200	137200
2	1105	136597	136597
3	1105	130297	130297
4	1105	113998	113998
5	1105	131164	131164
6	1105	166753	166753
7	1105	161258	161258
8	1105	154417	154417
9	1105	149307	149307
10	1105	180314	180314
11	1105	143194	143194
12	1105	157021	157021
13	1105	161640	161640
14	1105	136409	136409
15	1105	159866	159866
16	1105	131603	131603
17	1105	101967	101967
18	1105	126095	126095
19	1105	138723	138723
20	1105	148715	148715
21	1105	153796	153796
22	1105	144781	144781
23	1105	160468	160468
24	1105	158971	158971
25	1105	144399	144399
26	1105	159646	159646
27	1105	166710	166710
28	1105	159577	159577
29	1105	176986	176986
30	1105	142601	142601
0	1106	2102700	683220
1	1106	136019	136019
2	1106	133753	133753
3	1106	128786	128786
4	1106	111826	111826
5	1106	129340	129340
6	1106	164169	164169
7	1106	158397	158397
8	1106	152670	152670
9	1106	147331	147331
10	1106	176866	176866
11	1106	140873	140873
12	1106	155202	155202
13	1106	158998	158998
14	1106	134762	134762
15	1106	158247	158247
16	1106	128637	128637
17	1106	100624	100624
18	1106	124028	124028
19	1106	137092	137092
20	1106	145382	145382
21	1106	151630	151630
22	1106	142063	142063
23	1106	157918	157918
24	1106	156007	156007
25	1106	142474	142474
26	1106	157455	157455
27	1106	164503	164503
28	1106	157755	157755
29	1106	174164	174164
30	1106	141278	141278
0	1107	2052043	742943
1	1107	138722	138722
2	1107	136012	136012
3	1107	129955	129955
4	1107	113007	113007
5	1107	130382	130382
6	1107	165100	165100
7	1107	159493	159493
8	1107	153380	153380
9	1107	149292	149292
10	1107	179743	179743
11	1107	142896	142896
12	1107	155520	155520
13	1107	161708	161708
14	1107	136243	136243
15	1107	159471	159471
16	1107	131434	131434
17	1107	102025	102025
18	1107	125690	125690
19	1107	138434	138434
20	1107	146772	146772
21	1107	153014	153014
22	1107	143039	143039
23	1107	160234	160234
24	1107	158725	158725
25	1107	144467	144467
26	1107	158697	158697
27	1107	167080	167080
28	1107	158703	158703
29	1107	176278	176278
30	1107	143390	143390
0	1108	2108831	703360
1	1108	136016	136016
2	1108	133698	133698
3	1108	128582	128582
4	1108	112699	112699
5	1108	129939	129939
6	1108	164015	164015
7	1108	159086	159086
8	1108	151481	151481
9	1108	147155	147155
10	1108	177764	177764
11	1108	139412	139412
12	1108	153843	153843
13	1108	159502	159502
14	1108	134346	134346
15	1108	157153	157153
16	1108	129012	129012
17	1108	100712	100712
18	1108	124036	124036
19	1108	136189	136189
20	1108	144008	144008
21	1108	150521	150521
22	1108	141033	141033
23	1108	158361	158361
24	1108	156467	156467
25	1108	141552	141552
26	1108	157085	157085
27	1108	164550	164550
28	1108	157801	157801
29	1108	174679	174679
30	1108	141421	141421
0	1109	2054047	699472
1	1109	137602	137602
2	1109	136162	136162
3	1109	129896	129896
4	1109	113405	113405
5	1109	130643	130643
6	1109	166539	166539
7	1109	160159	160159
8	1109	153221	153221
9	1109	149715	149715
10	1109	180451	180451
11	1109	142383	142383
12	1109	156428	156428
13	1109	160262	160262
14	1109	135354	135354
15	1109	159152	159152
16	1109	131214	131214
17	1109	101194	101194
18	1109	125850	125850
19	1109	138747	138747
20	1109	147583	147583
21	1109	152813	152813
22	1109	143787	143787
23	1109	160183	160183
24	1109	158329	158329
25	1109	143892	143892
26	1109	157804	157804
27	1109	165699	165699
28	1109	158872	158872
29	1109	177028	177028
30	1109	142535	142535
0	1110	2059471	733686
1	1110	136945	136945
2	1110	136334	136334
3	1110	129939	129939
4	1110	112947	112947
5	1110	130362	130362
6	1110	165822	165822
7	1110	160191	160191
8	1110	153198	153198
9	1110	149163	149163
10	1110	179908	179908
11	1110	142632	142632
12	1110	156818	156818
13	1110	160705	160705
14	1110	135990	135990
15	1110	159127	159127
16	1110	131507	131507
17	1110	101441	101441
18	1110	125075	125075
19	1110	138008	138008
20	1110	147270	147270
21	1110	151852	151852
22	1110	143797	143797
23	1110	159368	159368
24	1110	158465	158465
25	1110	143439	143439
26	1110	158559	158559
27	1110	165574	165574
28	1110	158490	158490
29	1110	176595	176595
30	1110	141957	141957
0	1111	2071056	731604
1	1111	136334	136334
2	1111	135830	135830
3	1111	128565	128565
4	1111	112080	112080
5	1111	130036	130036
6	1111	165345	165345
7	1111	160390	160390
8	1111	153092	153092
9	1111	148964	148964
10	1111	179306	179306
11	1111	142953	142953
12	1111	155966	155966
13	1111	160074	160074
14	1111	135535	135535
15	1111	158847	158847
16	1111	130785	130785
17	1111	101219	101219
18	1111	125672	125672
19	1111	138083	138083
20	1111	147151	147151
21	1111	151891	151891
22	1111	143323	143323
23	1111	158532	158532
24	1111	157414	157414
25	1111	143241	143241
26	1111	157888	157888
27	1111	165283	165283
28	1111	158737	158737
29	1111	175376	175376
30	1111	141981	141981
0	1112	2065165	729833
1	1112	137140	137140
2	1112	134879	134879
3	1112	129620	129620
4	1112	113111	113111
5	1112	130335	130335
6	1112	165249	165249
7	1112	159557	159557
8	1112	152856	152856
9	1112	148759	148759
10	1112	179720	179720
11	1112	141674	141674
12	1112	156204	156204
13	1112	161013	161013
14	1112	135199	135199
15	1112	158858	158858
16	1112	130863	130863
17	1112	101100	101100
18	1112	124884	124884
19	1112	137675	137675
20	1112	146521	146521
21	1112	152554	152554
22	1112	142649	142649
23	1112	159888	159888
24	1112	157649	157649
25	1112	144359	144359
26	1112	158782	158782
27	1112	166215	166215
28	1112	159694	159694
29	1112	176344	176344
30	1112	142433	142433
0	1113	2265630	750605
1	1113	131225	131225
2	1113	127841	127841
3	1113	124286	124286
4	1113	108868	108868
5	1113	125058	125058
6	1113	157072	157072
7	1113	153827	153827
8	1113	147373	147373
9	1113	142621	142621
10	1113	170519	170519
11	1113	134822	134822
12	1113	148409	148409
13	1113	154157	154157
14	1113	128703	128703
15	1113	151560	151560
16	1113	123701	123701
17	1113	95690	95690
18	1113	120150	120150
19	1113	130640	130640
20	1113	137471	137471
21	1113	145615	145615
22	1113	134797	134797
23	1113	152356	152356
24	1113	148827	148827
25	1113	137999	137999
26	1113	152792	152792
27	1113	160647	160647
28	1113	152105	152105
29	1113	168519	168519
30	1113	137669	137669
0	1114	2036488	734036
1	1114	138300	138300
2	1114	136719	136719
3	1114	130449	130449
4	1114	114214	114214
5	1114	130828	130828
6	1114	166616	166616
7	1114	161553	161553
8	1114	153173	153173
9	1114	150315	150315
10	1114	180825	180825
11	1114	143165	143165
12	1114	156311	156311
13	1114	161692	161692
14	1114	135858	135858
15	1114	159237	159237
16	1114	131921	131921
17	1114	101977	101977
18	1114	125387	125387
19	1114	138684	138684
20	1114	147323	147323
21	1114	153480	153480
22	1114	144060	144060
23	1114	160442	160442
24	1114	158799	158799
25	1114	144950	144950
26	1114	159292	159292
27	1114	167784	167784
28	1114	159675	159675
29	1114	177909	177909
30	1114	143523	143523
0	1115	2086440	707725
1	1115	136191	136191
2	1115	135586	135586
3	1115	129108	129108
4	1115	112354	112354
5	1115	129444	129444
6	1115	164471	164471
7	1115	159054	159054
8	1115	152435	152435
9	1115	149344	149344
10	1115	179134	179134
11	1115	141386	141386
12	1115	155697	155697
13	1115	159923	159923
14	1115	134074	134074
15	1115	157183	157183
16	1115	129654	129654
17	1115	100585	100585
18	1115	124049	124049
19	1115	136279	136279
20	1115	145023	145023
21	1115	151653	151653
22	1115	142612	142612
23	1115	158368	158368
24	1115	157374	157374
25	1115	142735	142735
26	1115	158507	158507
27	1115	165839	165839
28	1115	158291	158291
29	1115	176088	176088
30	1115	142068	142068
0	1116	2067241	713789
1	1116	136958	136958
2	1116	136364	136364
3	1116	129659	129659
4	1116	112665	112665
5	1116	129353	129353
6	1116	165660	165660
7	1116	160067	160067
8	1116	153155	153155
9	1116	148072	148072
10	1116	179035	179035
11	1116	141585	141585
12	1116	155888	155888
13	1116	160913	160913
14	1116	135175	135175
15	1116	159463	159463
16	1116	130857	130857
17	1116	101527	101527
18	1116	124770	124770
19	1116	137534	137534
20	1116	146985	146985
21	1116	152821	152821
22	1116	142518	142518
23	1116	158910	158910
24	1116	157900	157900
25	1116	143795	143795
26	1116	157952	157952
27	1116	166100	166100
28	1116	158779	158779
29	1116	176235	176235
30	1116	143013	143013
0	1117	2071153	703548
1	1117	136534	136534
2	1117	135647	135647
3	1117	129498	129498
4	1117	112556	112556
5	1117	130452	130452
6	1117	164923	164923
7	1117	159807	159807
8	1117	153237	153237
9	1117	148908	148908
10	1117	179906	179906
11	1117	141750	141750
12	1117	156634	156634
13	1117	160348	160348
14	1117	134716	134716
15	1117	158815	158815
16	1117	129636	129636
17	1117	100985	100985
18	1117	124591	124591
19	1117	137879	137879
20	1117	145397	145397
21	1117	151651	151651
22	1117	142583	142583
23	1117	158800	158800
24	1117	157884	157884
25	1117	143491	143491
26	1117	158305	158305
27	1117	166487	166487
28	1117	159472	159472
29	1117	176482	176482
30	1117	142422	142422
0	1118	2062395	703194
1	1118	136494	136494
2	1118	136158	136158
3	1118	128819	128819
4	1118	112762	112762
5	1118	129973	129973
6	1118	165428	165428
7	1118	160358	160358
8	1118	152873	152873
9	1118	148995	148995
10	1118	180197	180197
11	1118	142321	142321
12	1118	156868	156868
13	1118	160513	160513
14	1118	135090	135090
15	1118	158752	158752
16	1118	130495	130495
17	1118	101765	101765
18	1118	125754	125754
19	1118	137527	137527
20	1118	146713	146713
21	1118	152779	152779
22	1118	143023	143023
23	1118	158816	158816
24	1118	158649	158649
25	1118	143534	143534
26	1118	158202	158202
27	1118	166786	166786
28	1118	159860	159860
29	1118	176756	176756
30	1118	142294	142294
0	1119	2086601	713153
1	1119	136688	136688
2	1119	135165	135165
3	1119	129409	129409
4	1119	112115	112115
5	1119	130027	130027
6	1119	164556	164556
7	1119	159254	159254
8	1119	152662	152662
9	1119	148854	148854
10	1119	179433	179433
11	1119	141295	141295
12	1119	155714	155714
13	1119	159390	159390
14	1119	134144	134144
15	1119	158038	158038
16	1119	129428	129428
17	1119	100543	100543
18	1119	123804	123804
19	1119	137509	137509
20	1119	145159	145159
21	1119	151649	151649
22	1119	141056	141056
23	1119	158498	158498
24	1119	157303	157303
25	1119	143323	143323
26	1119	158191	158191
27	1119	165949	165949
28	1119	157762	157762
29	1119	175134	175134
30	1119	142296	142296
0	1120	2104937	697277
1	1120	135923	135923
2	1120	134595	134595
3	1120	128166	128166
4	1120	111426	111426
5	1120	128705	128705
6	1120	164614	164614
7	1120	159101	159101
8	1120	151855	151855
9	1120	147644	147644
10	1120	179243	179243
11	1120	140245	140245
12	1120	155465	155465
13	1120	158949	158949
14	1120	133027	133027
15	1120	158114	158114
16	1120	128830	128830
17	1120	100770	100770
18	1120	123251	123251
19	1120	136897	136897
20	1120	144474	144474
21	1120	150963	150963
22	1120	141610	141610
23	1120	157182	157182
24	1120	156213	156213
25	1120	142568	142568
26	1120	156229	156229
27	1120	165433	165433
28	1120	157897	157897
29	1120	175213	175213
30	1120	141410	141410
0	1121	2182644	670080
1	1121	133506	133506
2	1121	132047	132047
3	1121	125766	125766
4	1121	110265	110265
5	1121	125913	125913
6	1121	161211	161211
7	1121	155908	155908
8	1121	149650	149650
9	1121	145484	145484
10	1121	174723	174723
11	1121	138717	138717
12	1121	152752	152752
13	1121	156817	156817
14	1121	130569	130569
15	1121	154241	154241
16	1121	125898	125898
17	1121	97915	97915
18	1121	121565	121565
19	1121	132809	132809
20	1121	140937	140937
21	1121	147527	147527
22	1121	139293	139293
23	1121	154494	154494
24	1121	153256	153256
25	1121	140718	140718
26	1121	155054	155054
27	1121	163194	163194
28	1121	155721	155721
29	1121	171932	171932
30	1121	140423	140423
0	1122	2086796	693529
1	1122	136470	136470
2	1122	135352	135352
3	1122	129028	129028
4	1122	111711	111711
5	1122	129570	129570
6	1122	164934	164934
7	1122	160415	160415
8	1122	152945	152945
9	1122	148197	148197
10	1122	179572	179572
11	1122	141632	141632
12	1122	155194	155194
13	1122	159884	159884
14	1122	133473	133473
15	1122	158407	158407
16	1122	129325	129325
17	1122	100393	100393
18	1122	124094	124094
19	1122	135996	135996
20	1122	145199	145199
21	1122	151119	151119
22	1122	141985	141985
23	1122	158221	158221
24	1122	156937	156937
25	1122	143401	143401
26	1122	157963	157963
27	1122	166363	166363
28	1122	158649	158649
29	1122	175544	175544
30	1122	142180	142180
0	1123	2103475	695250
1	1123	136222	136222
2	1123	134571	134571
3	1123	128180	128180
4	1123	111367	111367
5	1123	129435	129435
6	1123	164459	164459
7	1123	158628	158628
8	1123	152122	152122
9	1123	148044	148044
10	1123	179087	179087
11	1123	140752	140752
12	1123	155377	155377
13	1123	158843	158843
14	1123	132631	132631
15	1123	157743	157743
16	1123	128174	128174
17	1123	100095	100095
18	1123	123114	123114
19	1123	135754	135754
20	1123	144100	144100
21	1123	151266	151266
22	1123	141321	141321
23	1123	158096	158096
24	1123	156835	156835
25	1123	142658	142658
26	1123	156463	156463
27	1123	165922	165922
28	1123	158758	158758
29	1123	175701	175701
30	1123	141756	141756
0	1124	2088319	689869
1	1124	136274	136274
2	1124	135231	135231
3	1124	128034	128034
4	1124	111566	111566
5	1124	129267	129267
6	1124	165164	165164
7	1124	159726	159726
8	1124	152244	152244
9	1124	148430	148430
10	1124	179891	179891
11	1124	141049	141049
12	1124	156511	156511
13	1124	159810	159810
14	1124	133208	133208
15	1124	157849	157849
16	1124	128389	128389
17	1124	99821	99821
18	1124	124012	124012
19	1124	135718	135718
20	1124	144723	144723
21	1124	151428	151428
22	1124	141431	141431
23	1124	159139	159139
24	1124	157512	157512
25	1124	143388	143388
26	1124	157361	157361
27	1124	166801	166801
28	1124	159265	159265
29	1124	177095	177095
30	1124	142293	142293
0	1201	2370219	833260
1	1201	128040	128040
2	1201	123757	123757
3	1201	120148	120148
4	1201	106467	106467
5	1201	121156	121156
6	1201	154606	154606
7	1201	150026	150026
8	1201	143251	143251
9	1201	138727	138727
10	1201	166982	166982
11	1201	132191	132191
12	1201	143631	143631
13	1201	149638	149638
14	1201	124884	124884
15	1201	148685	148685
16	1201	121353	121353
17	1201	94310	94310
18	1201	116899	116899
19	1201	127987	127987
20	1201	133350	133350
21	1201	141684	141684
22	1201	131629	131629
23	1201	148944	148944
24	1201	146330	146330
25	1201	134660	134660
26	1201	148703	148703
27	1201	157878	157878
28	1201	147170	147170
29	1201	163592	163592
30	1201	134052	134052
0	1202	2145558	743699
1	1202	134890	134890
2	1202	133807	133807
3	1202	127572	127572
4	1202	111457	111457
5	1202	128095	128095
6	1202	162231	162231
7	1202	156985	156985
8	1202	150011	150011
9	1202	145415	145415
10	1202	177175	177175
11	1202	139944	139944
12	1202	152896	152896
13	1202	157617	157617
14	1202	132787	132787
15	1202	156068	156068
16	1202	127822	127822
17	1202	100003	100003
18	1202	121940	121940
19	1202	136440	136440
20	1202	143811	143811
21	1202	149504	149504
22	1202	139805	139805
23	1202	157849	157849
24	1202	155129	155129
25	1202	141296	141296
26	1202	155007	155007
27	1202	163547	163547
28	1202	155111	155111
29	1202	171064	171064
30	1202	140113	140113
0	1203	2155839	754830
1	1203	133920	133920
2	1203	132109	132109
3	1203	127106	127106
4	1203	111214	111214
5	1203	127221	127221
6	1203	162877	162877
7	1203	156835	156835
8	1203	150175	150175
9	1203	145847	145847
10	1203	176371	176371
11	1203	139513	139513
12	1203	152249	152249
13	1203	157683	157683
14	1203	133366	133366
15	1203	155483	155483
16	1203	127334	127334
17	1203	99152	99152
18	1203	121867	121867
19	1203	134574	134574
20	1203	143614	143614
21	1203	149610	149610
22	1203	140033	140033
23	1203	157518	157518
24	1203	154921	154921
25	1203	140834	140834
26	1203	154550	154550
27	1203	161995	161995
28	1203	155076	155076
29	1203	172379	172379
30	1203	139684	139684
0	1204	2157361	773751
1	1204	134153	134153
2	1204	132674	132674
3	1204	126904	126904
4	1204	111702	111702
5	1204	127908	127908
6	1204	162164	162164
7	1204	155562	155562
8	1204	149952	149952
9	1204	145510	145510
10	1204	176188	176188
11	1204	138729	138729
12	1204	151669	151669
13	1204	156854	156854
14	1204	131723	131723
15	1204	155841	155841
16	1204	127985	127985
17	1204	99802	99802
18	1204	122907	122907
19	1204	134818	134818
20	1204	143317	143317
21	1204	149067	149067
22	1204	139642	139642
23	1204	156857	156857
24	1204	154175	154175
25	1204	141006	141006
26	1204	155662	155662
27	1204	163657	163657
28	1204	156045	156045
29	1204	171781	171781
30	1204	139334	139334
0	1205	2129190	818450
1	1205	135028	135028
2	1205	134188	134188
3	1205	127990	127990
4	1205	111621	111621
5	1205	129471	129471
6	1205	162280	162280
7	1205	157944	157944
8	1205	150889	150889
9	1205	147004	147004
10	1205	177632	177632
11	1205	140114	140114
12	1205	153751	153751
13	1205	158605	158605
14	1205	132720	132720
15	1205	156377	156377
16	1205	128704	128704
17	1205	100194	100194
18	1205	123711	123711
19	1205	136146	136146
20	1205	143732	143732
21	1205	149808	149808
22	1205	141406	141406
23	1205	157234	157234
24	1205	155232	155232
25	1205	141575	141575
26	1205	155165	155165
27	1205	163511	163511
28	1205	155909	155909
29	1205	172934	172934
30	1205	140884	140884
0	1206	2163442	734504
1	1206	134396	134396
2	1206	132342	132342
3	1206	127031	127031
4	1206	110749	110749
5	1206	127831	127831
6	1206	161874	161874
7	1206	157349	157349
8	1206	150286	150286
9	1206	145655	145655
10	1206	176260	176260
11	1206	138335	138335
12	1206	151742	151742
13	1206	157541	157541
14	1206	132157	132157
15	1206	154539	154539
16	1206	127728	127728
17	1206	99714	99714
18	1206	122310	122310
19	1206	134490	134490
20	1206	142561	142561
21	1206	148474	148474
22	1206	138561	138561
23	1206	156182	156182
24	1206	153596	153596
25	1206	140127	140127
26	1206	155664	155664
27	1206	163114	163114
28	1206	154525	154525
29	1206	172513	172513
30	1206	139861	139861
0	1207	2117532	778876
1	1207	136031	136031
2	1207	133889	133889
3	1207	128493	128493
4	1207	112378	112378
5	1207	129004	129004
6	1207	163621	163621
7	1207	157742	157742
8	1207	151099	151099
9	1207	147659	147659
10	1207	176632	176632
11	1207	140644	140644
12	1207	153709	153709
13	1207	158778	158778
14	1207	133842	133842
15	1207	157482	157482
16	1207	128403	128403
17	1207	100329	100329
18	1207	124125	124125
19	1207	136502	136502
20	1207	144691	144691
21	1207	150873	150873
22	1207	140606	140606
23	1207	156943	156943
24	1207	155682	155682
25	1207	142115	142115
26	1207	155983	155983
27	1207	163965	163965
28	1207	156942	156942
29	1207	173881	173881
30	1207	141374	141374
0	1208	2125145	738938
1	1208	135703	135703
2	1208	134074	134074
3	1208	128205	128205
4	1208	111624	111624
5	1208	128527	128527
6	1208	163802	163802
7	1208	158088	158088
8	1208	150851	150851
9	1208	146185	146185
10	1208	176724	176724
11	1208	140697	140697
12	1208	153257	153257
13	1208	159375	159375
14	1208	133918	133918
15	1208	157127	157127
16	1208	128637	128637
17	1208	100741	100741
18	1208	123629	123629
19	1208	136151	136151
20	1208	144099	144099
21	1208	150104	150104
22	1208	140408	140408
23	1208	157094	157094
24	1208	156178	156178
25	1208	141454	141454
26	1208	155623	155623
27	1208	163007	163007
28	1208	155942	155942
29	1208	173635	173635
30	1208	140945	140945
0	1209	2094604	739694
1	1209	136114	136114
2	1209	134568	134568
3	1209	129212	129212
4	1209	112261	112261
5	1209	129796	129796
6	1209	164412	164412
7	1209	158301	158301
8	1209	152257	152257
9	1209	147651	147651
10	1209	178074	178074
11	1209	142081	142081
12	1209	155010	155010
13	1209	159489	159489
14	1209	134332	134332
15	1209	157675	157675
16	1209	130708	130708
17	1209	100622	100622
18	1209	124660	124660
19	1209	136780	136780
20	1209	146212	146212
21	1209	151301	151301
22	1209	142194	142194
23	1209	158964	158964
24	1209	156806	156806
25	1209	142883	142883
26	1209	156991	156991
27	1209	164059	164059
28	1209	157014	157014
29	1209	174456	174456
30	1209	141462	141462
0	1210	2079738	772168
1	1210	136829	136829
2	1210	135961	135961
3	1210	128843	128843
4	1210	112947	112947
5	1210	130663	130663
6	1210	165200	165200
7	1210	159662	159662
8	1210	152534	152534
9	1210	148644	148644
10	1210	178194	178194
11	1210	141649	141649
12	1210	155315	155315
13	1210	160852	160852
14	1210	135214	135214
15	1210	158547	158547
16	1210	130008	130008
17	1210	101508	101508
18	1210	124756	124756
19	1210	138259	138259
20	1210	146014	146014
21	1210	151501	151501
22	1210	142821	142821
23	1210	158547	158547
24	1210	157126	157126
25	1210	142952	142952
26	1210	157109	157109
27	1210	164876	164876
28	1210	157683	157683
29	1210	175787	175787
30	1210	141210	141210
0	1211	2088443	768314
1	1211	136071	136071
2	1211	135033	135033
3	1211	128775	128775
4	1211	112523	112523
5	1211	128823	128823
6	1211	164936	164936
7	1211	158232	158232
8	1211	152672	152672
9	1211	148078	148078
10	1211	178799	178799
11	1211	141407	141407
12	1211	154765	154765
13	1211	160854	160854
14	1211	135255	135255
15	1211	158547	158547
16	1211	130468	130468
17	1211	101815	101815
18	1211	124002	124002
19	1211	137509	137509
20	1211	146081	146081
21	1211	151453	151453
22	1211	141681	141681
23	1211	158094	158094
24	1211	156492	156492
25	1211	143615	143615
26	1211	157509	157509
27	1211	164779	164779
28	1211	157276	157276
29	1211	175318	175318
30	1211	141644	141644
0	1212	2104806	757332
1	1212	135796	135796
2	1212	134101	134101
3	1212	128696	128696
4	1212	112259	112259
5	1212	129143	129143
6	1212	163440	163440
7	1212	158193	158193
8	1212	151597	151597
9	1212	147062	147062
10	1212	177780	177780
11	1212	141571	141571
12	1212	154891	154891
13	1212	159370	159370
14	1212	134625	134625
15	1212	158244	158244
16	1212	129327	129327
17	1212	100859	100859
18	1212	123903	123903
19	1212	136887	136887
20	1212	145187	145187
21	1212	150866	150866
22	1212	141169	141169
23	1212	158023	158023
24	1212	155957	155957
25	1212	142769	142769
26	1212	157152	157152
27	1212	164345	164345
28	1212	156620	156620
29	1212	174645	174645
30	1212	141666	141666
0	1213	2385859	863236
1	1213	128570	128570
2	1213	124731	124731
3	1213	119907	119907
4	1213	106613	106613
5	1213	121066	121066
6	1213	155057	155057
7	1213	149744	149744
8	1213	141430	141430
9	1213	138035	138035
10	1213	165901	165901
11	1213	132471	132471
12	1213	142385	142385
13	1213	148742	148742
14	1213	123104	123104
15	1213	145981	145981
16	1213	119086	119086
17	1213	92701	92701
18	1213	116401	116401
19	1213	125545	125545
20	1213	131590	131590
21	1213	142009	142009
22	1213	130131	130131
23	1213	147119	147119
24	1213	144254	144254
25	1213	133240	133240
26	1213	151471	151471
27	1213	158386	158386
28	1213	149854	149854
29	1213	165315	165315
30	1213	134251	134251
0	1214	2099736	770874
1	1214	135385	135385
2	1214	134787	134787
3	1214	128788	128788
4	1214	112332	112332
5	1214	128897	128897
6	1214	164598	164598
7	1214	158611	158611
8	1214	151559	151559
9	1214	147638	147638
10	1214	178667	178667
11	1214	141532	141532
12	1214	154770	154770
13	1214	159594	159594
14	1214	133953	133953
15	1214	157626	157626
16	1214	130349	130349
17	1214	100557	100557
18	1214	124014	124014
19	1214	136362	136362
20	1214	145214	145214
21	1214	151291	151291
22	1214	141913	141913
23	1214	157242	157242
24	1214	157360	157360
25	1214	142390	142390
26	1214	156820	156820
27	1214	164790	164790
28	1214	157701	157701
29	1214	174615	174615
30	1214	141858	141858
0	1215	2141311	760891
1	1215	134250	134250
2	1215	133805	133805
3	1215	127883	127883
4	1215	110883	110883
5	1215	128628	128628
6	1215	163106	163106
7	1215	157743	157743
8	1215	150628	150628
9	1215	146110	146110
10	1215	176564	176564
11	1215	139735	139735
12	1215	153213	153213
13	1215	158124	158124
14	1215	132727	132727
15	1215	155916	155916
16	1215	127999	127999
17	1215	99741	99741
18	1215	122481	122481
19	1215	135300	135300
20	1215	143884	143884
21	1215	150207	150207
22	1215	140659	140659
23	1215	156362	156362
24	1215	154731	154731
25	1215	140894	140894
26	1215	155651	155651
27	1215	162874	162874
28	1215	156028	156028
29	1215	172874	172874
30	1215	140638	140638
0	1216	2121099	753246
1	1216	135502	135502
2	1216	134424	134424
3	1216	128294	128294
4	1216	111333	111333
5	1216	128199	128199
6	1216	163229	163229
7	1216	157681	157681
8	1216	151879	151879
9	1216	146974	146974
10	1216	178110	178110
11	1216	140201	140201
12	1216	153722	153722
13	1216	158781	158781
14	1216	132532	132532
15	1216	157266	157266
16	1216	129024	129024
17	1216	100912	100912
18	1216	123142	123142
19	1216	135962	135962
20	1216	144033	144033
21	1216	150626	150626
22	1216	141156	141156
23	1216	156828	156828
24	1216	155640	155640
25	1216	141760	141760
26	1216	156043	156043
27	1216	164935	164935
28	1216	157175	157175
29	1216	173762	173762
30	1216	140725	140725
0	1217	2147004	750672
1	1217	134388	134388
2	1217	133564	133564
3	1217	127020	127020
4	1217	110803	110803
5	1217	128035	128035
6	1217	162326	162326
7	1217	157143	157143
8	1217	150191	150191
9	1217	146683	146683
10	1217	177370	177370
11	1217	139374	139374
12	1217	153509	153509
13	1217	157978	157978
14	1217	131393	131393
15	1217	156621	156621
16	1217	127298	127298
17	1217	98875	98875
18	1217	122891	122891
19	1217	134958	134958
20	1217	142319	142319
21	1217	149415	149415
22	1217	140465	140465
23	1217	156186	156186
24	1217	154388	154388
25	1217	140805	140805
26	1217	155472	155472
27	1217	164123	164123
28	1217	156332	156332
29	1217	173338	173338
30	1217	140682	140682
0	1218	2130797	754649
1	1218	135038	135038
2	1218	134086	134086
3	1218	127783	127783
4	1218	111170	111170
5	1218	128407	128407
6	1218	163182	163182
7	1218	157945	157945
8	1218	151494	151494
9	1218	146762	146762
10	1218	177281	177281
11	1218	140125	140125
12	1218	153027	153027
13	1218	158544	158544
14	1218	133160	133160
15	1218	156672	156672
16	1218	128653	128653
17	1218	100350	100350
18	1218	122534	122534
19	1218	134814	134814
20	1218	144062	144062
21	1218	150294	150294
22	1218	140030	140030
23	1218	156419	156419
24	1218	155591	155591
25	1218	141546	141546
26	1218	155630	155630
27	1218	163815	163815
28	1218	157280	157280
29	1218	173672	173672
30	1218	140786	140786
0	1219	2144761	751182
1	1219	134501	134501
2	1219	134054	134054
3	1219	126876	126876
4	1219	110594	110594
5	1219	127936	127936
6	1219	162074	162074
7	1219	157854	157854
8	1219	150784	150784
9	1219	146125	146125
10	1219	176870	176870
11	1219	139507	139507
12	1219	153531	153531
13	1219	158693	158693
14	1219	131905	131905
15	1219	155371	155371
16	1219	127784	127784
17	1219	99751	99751
18	1219	122704	122704
19	1219	135241	135241
20	1219	143489	143489
21	1219	149271	149271
22	1219	139435	139435
23	1219	155749	155749
24	1219	154056	154056
25	1219	141433	141433
26	1219	155393	155393
27	1219	163810	163810
28	1219	157038	157038
29	1219	173762	173762
30	1219	140597	140597
0	1220	2164203	736522
1	1220	133724	133724
2	1220	132873	132873
3	1220	126574	126574
4	1220	110479	110479
5	1220	127014	127014
6	1220	162343	162343
7	1220	156539	156539
8	1220	149778	149778
9	1220	144644	144644
10	1220	176596	176596
11	1220	139200	139200
12	1220	152642	152642
13	1220	157553	157553
14	1220	131244	131244
15	1220	155151	155151
16	1220	127194	127194
17	1220	98544	98544
18	1220	122626	122626
19	1220	133963	133963
20	1220	142849	142849
21	1220	148589	148589
22	1220	139233	139233
23	1220	155318	155318
24	1220	154209	154209
25	1220	140698	140698
26	1220	155042	155042
27	1220	162820	162820
28	1220	155608	155608
29	1220	173770	173770
30	1220	139929	139929
0	1221	2197474	700863
1	1221	132744	132744
2	1221	131920	131920
3	1221	125340	125340
4	1221	109356	109356
5	1221	126342	126342
6	1221	160479	160479
7	1221	155476	155476
8	1221	148530	148530
9	1221	144178	144178
10	1221	175447	175447
11	1221	137985	137985
12	1221	151858	151858
13	1221	155631	155631
14	1221	129862	129862
15	1221	154358	154358
16	1221	126081	126081
17	1221	98133	98133
18	1221	120374	120374
19	1221	132931	132931
20	1221	141655	141655
21	1221	147388	147388
22	1221	138382	138382
23	1221	154232	154232
24	1221	152874	152874
25	1221	139748	139748
26	1221	154137	154137
27	1221	162882	162882
28	1221	154920	154920
29	1221	171451	171451
30	1221	138781	138781
0	1222	2136219	742524
1	1222	135234	135234
2	1222	133726	133726
3	1222	127343	127343
4	1222	110724	110724
5	1222	128006	128006
6	1222	163084	163084
7	1222	157918	157918
8	1222	150172	150172
9	1222	145993	145993
10	1222	177927	177927
11	1222	139720	139720
12	1222	154021	154021
13	1222	158096	158096
14	1222	131416	131416
15	1222	156224	156224
16	1222	128257	128257
17	1222	99780	99780
18	1222	122119	122119
19	1222	134886	134886
20	1222	142954	142954
21	1222	149496	149496
22	1222	141595	141595
23	1222	156387	156387
24	1222	155864	155864
25	1222	141536	141536
26	1222	156359	156359
27	1222	164072	164072
28	1222	157177	157177
29	1222	173617	173617
30	1222	141027	141027
0	1223	2136256	738803
1	1223	135081	135081
2	1223	134078	134078
3	1223	127032	127032
4	1223	110467	110467
5	1223	128130	128130
6	1223	162677	162677
7	1223	158179	158179
8	1223	150429	150429
9	1223	147438	147438
10	1223	178051	178051
11	1223	140036	140036
12	1223	154036	154036
13	1223	158327	158327
14	1223	131426	131426
15	1223	156198	156198
16	1223	127292	127292
17	1223	98888	98888
18	1223	122917	122917
19	1223	134429	134429
20	1223	143245	143245
21	1223	149230	149230
22	1223	139908	139908
23	1223	157364	157364
24	1223	155224	155224
25	1223	140569	140569
26	1223	156424	156424
27	1223	165038	165038
28	1223	157591	157591
29	1223	174200	174200
30	1223	140789	140789
0	1224	2137077	754500
1	1224	135064	135064
2	1224	134234	134234
3	1224	127448	127448
4	1224	110717	110717
5	1224	127769	127769
6	1224	163444	163444
7	1224	158469	158469
8	1224	151045	151045
9	1224	146561	146561
10	1224	178161	178161
11	1224	140352	140352
12	1224	152771	152771
13	1224	157816	157816
14	1224	131523	131523
15	1224	156271	156271
16	1224	127118	127118
17	1224	99208	99208
18	1224	121757	121757
19	1224	134503	134503
20	1224	142133	142133
21	1224	149180	149180
22	1224	140413	140413
23	1224	156546	156546
24	1224	155074	155074
25	1224	141520	141520
26	1224	155490	155490
27	1224	164674	164674
28	1224	158177	158177
29	1224	174995	174995
30	1224	141439	141439
0	2101	2459097	640779
1	2101	125016	125016
2	2101	124365	124365
3	2101	116795	116795
4	2101	102602	102602
5	2101	116751	116751
6	2101	149755	149755
7	2101	149882	149882
8	2101	136972	136972
9	2101	137337	137337
10	2101	163251	163251
11	2101	127600	127600
12	2101	141359	141359
13	2101	142815	142815
14	2101	122098	122098
15	2101	141153	141153
16	2101	118273	118273
17	2101	90823	90823
18	2101	112978	112978
19	2101	125786	125786
20	2101	134408	134408
21	2101	140117	140117
22	2101	130229	130229
23	2101	143651	143651
24	2101	139893	139893
25	2101	131041	131041
26	2101	148901	148901
27	2101	154811	154811
28	2101	145655	145655
29	2101	164969	164969
30	2101	132566	132566
0	2102	2186818	630239
1	2102	132771	132771
2	2102	133449	133449
3	2102	124427	124427
4	2102	109921	109921
5	2102	124877	124877
6	2102	160188	160188
7	2102	157996	157996
8	2102	146354	146354
9	2102	145527	145527
10	2102	174482	174482
11	2102	137628	137628
12	2102	151013	151013
13	2102	153515	153515
14	2102	132373	132373
15	2102	152756	152756
16	2102	126439	126439
17	2102	96345	96345
18	2102	120934	120934
19	2102	134707	134707
20	2102	144602	144602
21	2102	148913	148913
22	2102	140039	140039
23	2102	155372	155372
24	2102	151528	151528
25	2102	140252	140252
26	2102	155382	155382
27	2102	163171	163171
28	2102	154633	154633
29	2102	175115	175115
30	2102	139422	139422
0	2103	2207592	674674
1	2103	131573	131573
2	2103	133097	133097
3	2103	123708	123708
4	2103	109105	109105
5	2103	124171	124171
6	2103	159158	159158
7	2103	157049	157049
8	2103	147133	147133
9	2103	145321	145321
10	2103	173588	173588
11	2103	136890	136890
12	2103	150368	150368
13	2103	153668	153668
14	2103	131031	131031
15	2103	152452	152452
16	2103	126456	126456
17	2103	96080	96080
18	2103	121150	121150
19	2103	133294	133294
20	2103	143032	143032
21	2103	147949	147949
22	2103	138602	138602
23	2103	154542	154542
24	2103	150364	150364
25	2103	139050	139050
26	2103	155303	155303
27	2103	162401	162401
28	2103	153872	153872
29	2103	173739	173739
30	2103	139211	139211
0	2104	2125937	695183
1	2104	134971	134971
2	2104	134981	134981
3	2104	126638	126638
4	2104	111917	111917
5	2104	126484	126484
6	2104	163203	163203
7	2104	159927	159927
8	2104	149056	149056
9	2104	147566	147566
10	2104	178404	178404
11	2104	139953	139953
12	2104	152949	152949
13	2104	156959	156959
14	2104	133787	133787
15	2104	155307	155307
16	2104	129364	129364
17	2104	98832	98832
18	2104	122788	122788
19	2104	136865	136865
20	2104	146393	146393
21	2104	150772	150772
22	2104	140496	140496
23	2104	156129	156129
24	2104	153921	153921
25	2104	141307	141307
26	2104	156937	156937
27	2104	164726	164726
28	2104	156541	156541
29	2104	176226	176226
30	2104	141613	141613
0	2105	2129996	719579
1	2105	134900	134900
2	2105	134019	134019
3	2105	125869	125869
4	2105	111623	111623
5	2105	126468	126468
6	2105	162919	162919
7	2105	160249	160249
8	2105	149208	149208
9	2105	148142	148142
10	2105	176499	176499
11	2105	139179	139179
12	2105	153042	153042
13	2105	156528	156528
14	2105	133791	133791
15	2105	155140	155140
16	2105	128855	128855
17	2105	97736	97736
18	2105	122812	122812
19	2105	137009	137009
20	2105	145833	145833
21	2105	150034	150034
22	2105	141214	141214
23	2105	157388	157388
24	2105	153604	153604
25	2105	141026	141026
26	2105	158530	158530
27	2105	164833	164833
28	2105	156175	156175
29	2105	176263	176263
30	2105	142065	142065
0	2106	2129925	692351
1	2106	134377	134377
2	2106	134654	134654
3	2106	125732	125732
4	2106	111606	111606
5	2106	127018	127018
6	2106	163490	163490
7	2106	158388	158388
8	2106	149653	149653
9	2106	147832	147832
10	2106	177212	177212
11	2106	140176	140176
12	2106	153101	153101
13	2106	157354	157354
14	2106	133839	133839
15	2106	155535	155535
16	2106	127563	127563
17	2106	98141	98141
18	2106	123605	123605
19	2106	136317	136317
20	2106	145263	145263
21	2106	150678	150678
22	2106	141284	141284
23	2106	156992	156992
24	2106	153989	153989
25	2106	141529	141529
26	2106	156506	156506
27	2106	164606	164606
28	2106	156211	156211
29	2106	176589	176589
30	2106	141784	141784
0	2107	2216730	670262
1	2107	131474	131474
2	2107	132500	132500
3	2107	123590	123590
4	2107	109911	109911
5	2107	123972	123972
6	2107	159509	159509
7	2107	156130	156130
8	2107	146203	146203
9	2107	144820	144820
10	2107	173316	173316
11	2107	136398	136398
12	2107	149662	149662
13	2107	153805	153805
14	2107	130303	130303
15	2107	152004	152004
16	2107	125213	125213
17	2107	95211	95211
18	2107	121598	121598
19	2107	133617	133617
20	2107	142459	142459
21	2107	147835	147835
22	2107	138019	138019
23	2107	153691	153691
24	2107	149294	149294
25	2107	139847	139847
26	2107	154873	154873
27	2107	162285	162285
28	2107	153837	153837
29	2107	173437	173437
30	2107	139406	139406
0	2108	2167812	726333
1	2108	134197	134197
2	2108	133237	133237
3	2108	125993	125993
4	2108	110731	110731
5	2108	126302	126302
6	2108	162290	162290
7	2108	157051	157051
8	2108	148694	148694
9	2108	146527	146527
10	2108	175100	175100
11	2108	138614	138614
12	2108	152233	152233
13	2108	155869	155869
14	2108	131745	131745
15	2108	153849	153849
16	2108	125848	125848
17	2108	97574	97574
18	2108	122341	122341
19	2108	133670	133670
20	2108	142994	142994
21	2108	150266	150266
22	2108	140006	140006
23	2108	154918	154918
24	2108	152031	152031
25	2108	139890	139890
26	2108	156842	156842
27	2108	164361	164361
28	2108	154945	154945
29	2108	174144	174144
30	2108	140875	140875
0	2109	2111375	700999
1	2109	135158	135158
2	2109	135019	135019
3	2109	126581	126581
4	2109	111451	111451
5	2109	128592	128592
6	2109	163935	163935
7	2109	159522	159522
8	2109	150814	150814
9	2109	147677	147677
10	2109	177894	177894
11	2109	139688	139688
12	2109	153820	153820
13	2109	158279	158279
14	2109	133858	133858
15	2109	156249	156249
16	2109	129896	129896
17	2109	99020	99020
18	2109	123754	123754
19	2109	136633	136633
20	2109	145113	145113
21	2109	151280	151280
22	2109	141886	141886
23	2109	157201	157201
24	2109	154864	154864
25	2109	142742	142742
26	2109	157636	157636
27	2109	165308	165308
28	2109	157113	157113
29	2109	176382	176382
30	2109	142209	142209
0	2110	2052896	726837
1	2110	136406	136406
2	2110	137278	137278
3	2110	128334	128334
4	2110	112992	112992
5	2110	129192	129192
6	2110	166410	166410
7	2110	161747	161747
8	2110	153116	153116
9	2110	150525	150525
10	2110	179697	179697
11	2110	141945	141945
12	2110	155522	155522
13	2110	160716	160716
14	2110	135664	135664
15	2110	157975	157975
16	2110	131030	131030
17	2110	100385	100385
18	2110	125873	125873
19	2110	138408	138408
20	2110	147712	147712
21	2110	152664	152664
22	2110	144102	144102
23	2110	159818	159818
24	2110	157303	157303
25	2110	143648	143648
26	2110	159567	159567
27	2110	167932	167932
28	2110	159481	159481
29	2110	179065	179065
30	2110	143546	143546
0	2111	2127557	696927
1	2111	134317	134317
2	2111	135074	135074
3	2111	126057	126057
4	2111	110900	110900
5	2111	127006	127006
6	2111	162375	162375
7	2111	158644	158644
8	2111	150023	150023
9	2111	147873	147873
10	2111	178056	178056
11	2111	139359	139359
12	2111	153746	153746
13	2111	157756	157756
14	2111	133681	133681
15	2111	156087	156087
16	2111	128503	128503
17	2111	97754	97754
18	2111	123772	123772
19	2111	136489	136489
20	2111	145511	145511
21	2111	150255	150255
22	2111	142404	142404
23	2111	156442	156442
24	2111	154945	154945
25	2111	141004	141004
26	2111	156770	156770
27	2111	164668	164668
28	2111	156820	156820
29	2111	175606	175606
30	2111	141495	141495
0	2112	2045806	738678
1	2112	137281	137281
2	2112	136788	136788
3	2112	128789	128789
4	2112	113221	113221
5	2112	129423	129423
6	2112	166702	166702
7	2112	162495	162495
8	2112	153876	153876
9	2112	149613	149613
10	2112	181301	181301
11	2112	142805	142805
12	2112	155095	155095
13	2112	161464	161464
14	2112	135606	135606
15	2112	158724	158724
16	2112	131586	131586
17	2112	100851	100851
18	2112	125414	125414
19	2112	138612	138612
20	2112	148104	148104
21	2112	153118	153118
22	2112	143761	143761
23	2112	160227	160227
24	2112	156947	156947
25	2112	144445	144445
26	2112	159218	159218
27	2112	167099	167099
28	2112	159457	159457
29	2112	179176	179176
30	2112	143945	143945
0	2113	2312451	774852
1	2113	129303	129303
2	2113	128207	128207
3	2113	121099	121099
4	2113	107563	107563
5	2113	120914	120914
6	2113	156767	156767
7	2113	153191	153191
8	2113	143749	143749
9	2113	141506	141506
10	2113	169662	169662
11	2113	133036	133036
12	2113	146526	146526
13	2113	152286	152286
14	2113	126915	126915
15	2113	148448	148448
16	2113	121185	121185
17	2113	93299	93299
18	2113	118781	118781
19	2113	129813	129813
20	2113	136228	136228
21	2113	145364	145364
22	2113	131947	131947
23	2113	151085	151085
24	2113	146843	146843
25	2113	135433	135433
26	2113	152766	152766
27	2113	160155	160155
28	2113	151665	151665
29	2113	168353	168353
30	2113	136409	136409
0	2114	2032294	710004
1	2114	136962	136962
2	2114	137622	137622
3	2114	129606	129606
4	2114	114098	114098
5	2114	130586	130586
6	2114	166717	166717
7	2114	162394	162394
8	2114	152681	152681
9	2114	150842	150842
10	2114	181806	181806
11	2114	143339	143339
12	2114	155979	155979
13	2114	162268	162268
14	2114	136216	136216
15	2114	159549	159549
16	2114	131816	131816
17	2114	101491	101491
18	2114	125394	125394
19	2114	139553	139553
20	2114	148239	148239
21	2114	153890	153890
22	2114	143944	143944
23	2114	160639	160639
24	2114	157807	157807
25	2114	145434	145434
26	2114	159882	159882
27	2114	167763	167763
28	2114	159401	159401
29	2114	178829	178829
30	2114	143908	143908
0	2115	2069158	709869
1	2115	136944	136944
2	2115	135891	135891
3	2115	127755	127755
4	2115	112953	112953
5	2115	129664	129664
6	2115	164993	164993
7	2115	161740	161740
8	2115	152069	152069
9	2115	148988	148988
10	2115	180125	180125
11	2115	142033	142033
12	2115	156183	156183
13	2115	159364	159364
14	2115	134933	134933
15	2115	158356	158356
16	2115	129723	129723
17	2115	100238	100238
18	2115	125204	125204
19	2115	138207	138207
20	2115	146880	146880
21	2115	152038	152038
22	2115	143245	143245
23	2115	159065	159065
24	2115	156507	156507
25	2115	143729	143729
26	2115	158745	158745
27	2115	166854	166854
28	2115	158784	158784
29	2115	177462	177462
30	2115	143119	143119
0	2116	2037515	721366
1	2116	137775	137775
2	2116	137639	137639
3	2116	129877	129877
4	2116	113747	113747
5	2116	130464	130464
6	2116	165984	165984
7	2116	162099	162099
8	2116	153216	153216
9	2116	150035	150035
10	2116	180965	180965
11	2116	142808	142808
12	2116	157284	157284
13	2116	161238	161238
14	2116	136098	136098
15	2116	159551	159551
16	2116	130474	130474
17	2116	100830	100830
18	2116	125641	125641
19	2116	139371	139371
20	2116	148146	148146
21	2116	153350	153350
22	2116	144787	144787
23	2116	159820	159820
24	2116	157592	157592
25	2116	144256	144256
26	2116	159532	159532
27	2116	168157	168157
28	2116	160206	160206
29	2116	178761	178761
30	2116	143731	143731
0	2117	2038346	682637
1	2117	138134	138134
2	2117	137707	137707
3	2117	129253	129253
4	2117	113361	113361
5	2117	129533	129533
6	2117	166085	166085
7	2117	162404	162404
8	2117	152895	152895
9	2117	150109	150109
10	2117	180628	180628
11	2117	142904	142904
12	2117	156900	156900
13	2117	162029	162029
14	2117	135337	135337
15	2117	159452	159452
16	2117	130773	130773
17	2117	101466	101466
18	2117	125289	125289
19	2117	138734	138734
20	2117	148116	148116
21	2117	153012	153012
22	2117	144453	144453
23	2117	159645	159645
24	2117	157461	157461
25	2117	145471	145471
26	2117	159718	159718
27	2117	168082	168082
28	2117	160413	160413
29	2117	179227	179227
30	2117	144012	144012
0	2118	2042151	699852
1	2118	137859	137859
2	2118	137296	137296
3	2118	128764	128764
4	2118	113620	113620
5	2118	130547	130547
6	2118	166474	166474
7	2118	161818	161818
8	2118	153024	153024
9	2118	149499	149499
10	2118	181187	181187
11	2118	142998	142998
12	2118	155544	155544
13	2118	161775	161775
14	2118	135689	135689
15	2118	159126	159126
16	2118	130560	130560
17	2118	100891	100891
18	2118	125469	125469
19	2118	139265	139265
20	2118	148139	148139
21	2118	153155	153155
22	2118	144143	144143
23	2118	159832	159832
24	2118	157766	157766
25	2118	145071	145071
26	2118	158748	158748
27	2118	168458	168458
28	2118	159434	159434
29	2118	178717	178717
30	2118	143930	143930
0	2119	2038108	695965
1	2119	137514	137514
2	2119	136749	136749
3	2119	129673	129673
4	2119	113285	113285
5	2119	129773	129773
6	2119	166250	166250
7	2119	162062	162062
8	2119	153835	153835
9	2119	149440	149440
10	2119	181439	181439
11	2119	142234	142234
12	2119	156946	156946
13	2119	162010	162010
14	2119	135349	135349
15	2119	159769	159769
16	2119	131543	131543
17	2119	102089	102089
18	2119	125082	125082
19	2119	138734	138734
20	2119	147728	147728
21	2119	152197	152197
22	2119	143992	143992
23	2119	159825	159825
24	2119	158146	158146
25	2119	144536	144536
26	2119	160426	160426
27	2119	168092	168092
28	2119	160337	160337
29	2119	179661	179661
30	2119	144125	144125
0	2120	2041100	705258
1	2120	137760	137760
2	2120	137600	137600
3	2120	129274	129274
4	2120	113048	113048
5	2120	130286	130286
6	2120	166181	166181
7	2120	162147	162147
8	2120	152847	152847
9	2120	149746	149746
10	2120	181785	181785
11	2120	142632	142632
12	2120	156877	156877
13	2120	162183	162183
14	2120	135272	135272
15	2120	160397	160397
16	2120	130744	130744
17	2120	101097	101097
18	2120	125179	125179
19	2120	137973	137973
20	2120	146925	146925
21	2120	153345	153345
22	2120	143610	143610
23	2120	159741	159741
24	2120	157559	157559
25	2120	144962	144962
26	2120	158882	158882
27	2120	169050	169050
28	2120	159322	159322
29	2120	179789	179789
30	2120	143636	143636
0	2121	2144913	696773
1	2121	133963	133963
2	2121	134541	134541
3	2121	126082	126082
4	2121	109929	109929
5	2121	127790	127790
6	2121	161993	161993
7	2121	157971	157971
8	2121	150931	150931
9	2121	146910	146910
10	2121	177678	177678
11	2121	138823	138823
12	2121	154005	154005
13	2121	157848	157848
14	2121	131547	131547
15	2121	155519	155519
16	2121	126266	126266
17	2121	97559	97559
18	2121	122429	122429
19	2121	134201	134201
20	2121	143880	143880
21	2121	149421	149421
22	2121	140710	140710
23	2121	156310	156310
24	2121	153056	153056
25	2121	140769	140769
26	2121	157028	157028
27	2121	165186	165186
28	2121	157267	157267
29	2121	175269	175269
30	2121	141155	141155
0	2122	2052208	712346
1	2122	136807	136807
2	2122	137361	137361
3	2122	129120	129120
4	2122	112872	112872
5	2122	130339	130339
6	2122	165876	165876
7	2122	160971	160971
8	2122	153291	153291
9	2122	149856	149856
10	2122	180921	180921
11	2122	142416	142416
12	2122	157185	157185
13	2122	161107	161107
14	2122	134422	134422
15	2122	158128	158128
16	2122	129496	129496
17	2122	99941	99941
18	2122	124628	124628
19	2122	137318	137318
20	2122	146587	146587
21	2122	152697	152697
22	2122	143447	143447
23	2122	160034	160034
24	2122	158506	158506
25	2122	144490	144490
26	2122	158709	158709
27	2122	167707	167707
28	2122	161107	161107
29	2122	178625	178625
30	2122	144777	144777
0	2123	2063395	680772
1	2123	136836	136836
2	2123	136740	136740
3	2123	127673	127673
4	2123	112374	112374
5	2123	129956	129956
6	2123	165442	165442
7	2123	161415	161415
8	2123	152443	152443
9	2123	149671	149671
10	2123	180567	180567
11	2123	142482	142482
12	2123	155643	155643
13	2123	160009	160009
14	2123	134671	134671
15	2123	159812	159812
16	2123	129664	129664
17	2123	99934	99934
18	2123	124264	124264
19	2123	136840	136840
20	2123	146777	146777
21	2123	151889	151889
22	2123	142307	142307
23	2123	159488	159488
24	2123	157904	157904
25	2123	143978	143978
26	2123	158677	158677
27	2123	168246	168246
28	2123	159443	159443
29	2123	179276	179276
30	2123	143133	143133
0	2124	2085411	679837
1	2124	135944	135944
2	2124	135996	135996
3	2124	127358	127358
4	2124	111379	111379
5	2124	128777	128777
6	2124	164631	164631
7	2124	161561	161561
8	2124	151379	151379
9	2124	148713	148713
10	2124	179677	179677
11	2124	141607	141607
12	2124	154948	154948
13	2124	160072	160072
14	2124	133977	133977
15	2124	157673	157673
16	2124	128936	128936
17	2124	99134	99134
18	2124	123452	123452
19	2124	136688	136688
20	2124	145522	145522
21	2124	150686	150686
22	2124	143156	143156
23	2124	159903	159903
24	2124	156403	156403
25	2124	143155	143155
26	2124	157213	157213
27	2124	167182	167182
28	2124	159839	159839
29	2124	177897	177897
30	2124	142680	142680
0	2201	2411796	693287
1	2201	126452	126452
2	2201	125761	125761
3	2201	118327	118327
4	2201	104226	104226
5	2201	118792	118792
6	2201	151607	151607
7	2201	149410	149410
8	2201	138775	138775
9	2201	137813	137813
10	2201	165310	165310
11	2201	129659	129659
12	2201	143274	143274
13	2201	146154	146154
14	2201	124687	124687
15	2201	144564	144564
16	2201	120801	120801
17	2201	91732	91732
18	2201	114298	114298
19	2201	126737	126737
20	2201	134548	134548
21	2201	142138	142138
22	2201	130244	130244
23	2201	147007	147007
24	2201	143937	143937
25	2201	133468	133468
26	2201	147959	147959
27	2201	156276	156276
28	2201	145814	145814
29	2201	166054	166054
30	2201	133329	133329
0	2202	2176099	724542
1	2202	133141	133141
2	2202	133280	133280
3	2202	125415	125415
4	2202	109771	109771
5	2202	126300	126300
6	2202	160543	160543
7	2202	157780	157780
8	2202	147560	147560
9	2202	145875	145875
10	2202	175170	175170
11	2202	137684	137684
12	2202	150957	150957
13	2202	155390	155390
14	2202	132238	132238
15	2202	154221	154221
16	2202	128136	128136
17	2202	97127	97127
18	2202	121441	121441
19	2202	135189	135189
20	2202	144130	144130
21	2202	149285	149285
22	2202	140286	140286
23	2202	155370	155370
24	2202	152646	152646
25	2202	139566	139566
26	2202	155161	155161
27	2202	161993	161993
28	2202	155107	155107
29	2202	174336	174336
30	2202	139752	139752
0	2203	2194973	724036
1	2203	132075	132075
2	2203	132600	132600
3	2203	124207	124207
4	2203	109665	109665
5	2203	125016	125016
6	2203	160320	160320
7	2203	157240	157240
8	2203	147204	147204
9	2203	145207	145207
10	2203	174880	174880
11	2203	137362	137362
12	2203	150091	150091
13	2203	155076	155076
14	2203	131272	131272
15	2203	153437	153437
16	2203	126078	126078
17	2203	97160	97160
18	2203	121210	121210
19	2203	133839	133839
20	2203	144267	144267
21	2203	148147	148147
22	2203	139997	139997
23	2203	154631	154631
24	2203	151949	151949
25	2203	138775	138775
26	2203	154705	154705
27	2203	162412	162412
28	2203	154097	154097
29	2203	173504	173504
30	2203	139553	139553
0	2204	2143131	764777
1	2204	134532	134532
2	2204	134423	134423
3	2204	126007	126007
4	2204	111035	111035
5	2204	126423	126423
6	2204	162317	162317
7	2204	158014	158014
8	2204	149143	149143
9	2204	147576	147576
10	2204	176187	176187
11	2204	139146	139146
12	2204	152460	152460
13	2204	157281	157281
14	2204	133672	133672
15	2204	154808	154808
16	2204	128046	128046
17	2204	98224	98224
18	2204	122614	122614
19	2204	135558	135558
20	2204	144784	144784
21	2204	150476	150476
22	2204	140662	140662
23	2204	156240	156240
24	2204	154389	154389
25	2204	141965	141965
26	2204	155827	155827
27	2204	164516	164516
28	2204	155661	155661
29	2204	174893	174893
30	2204	140939	140939
0	2205	2169185	744173
1	2205	133560	133560
2	2205	133404	133404
3	2205	125251	125251
4	2205	110879	110879
5	2205	125965	125965
6	2205	161086	161086
7	2205	158441	158441
8	2205	148269	148269
9	2205	146864	146864
10	2205	175274	175274
11	2205	138794	138794
12	2205	150978	150978
13	2205	156781	156781
14	2205	132593	132593
15	2205	154944	154944
16	2205	127027	127027
17	2205	97196	97196
18	2205	121192	121192
19	2205	134562	134562
20	2205	142979	142979
21	2205	149639	149639
22	2205	139806	139806
23	2205	155537	155537
24	2205	152422	152422
25	2205	139984	139984
26	2205	156210	156210
27	2205	163512	163512
28	2205	154641	154641
29	2205	173875	173875
30	2205	140099	140099
0	2206	2232713	684389
1	2206	130524	130524
2	2206	131457	131457
3	2206	123189	123189
4	2206	108709	108709
5	2206	123497	123497
6	2206	159668	159668
7	2206	156459	156459
8	2206	145999	145999
9	2206	144820	144820
10	2206	173063	173063
11	2206	135797	135797
12	2206	148841	148841
13	2206	152962	152962
14	2206	129729	129729
15	2206	152259	152259
16	2206	125564	125564
17	2206	96341	96341
18	2206	120956	120956
19	2206	133290	133290
20	2206	141745	141745
21	2206	146622	146622
22	2206	136962	136962
23	2206	152564	152564
24	2206	149357	149357
25	2206	138162	138162
26	2206	154159	154159
27	2206	162143	162143
28	2206	153165	153165
29	2206	171997	171997
30	2206	138236	138236
0	2207	2152117	773573
1	2207	133875	133875
2	2207	133655	133655
3	2207	125648	125648
4	2207	110960	110960
5	2207	126305	126305
6	2207	162067	162067
7	2207	158441	158441
8	2207	148867	148867
9	2207	146731	146731
10	2207	175823	175823
11	2207	139226	139226
12	2207	151650	151650
13	2207	157367	157367
14	2207	132264	132264
15	2207	155576	155576
16	2207	127649	127649
17	2207	97639	97639
18	2207	122114	122114
19	2207	135353	135353
20	2207	143980	143980
21	2207	150105	150105
22	2207	140270	140270
23	2207	156499	156499
24	2207	153879	153879
25	2207	141802	141802
26	2207	155941	155941
27	2207	163468	163468
28	2207	155664	155664
29	2207	174739	174739
30	2207	141275	141275
0	2208	2213054	721808
1	2208	131196	131196
2	2208	132574	132574
3	2208	123740	123740
4	2208	109874	109874
5	2208	124703	124703
6	2208	159757	159757
7	2208	156327	156327
8	2208	146563	146563
9	2208	145073	145073
10	2208	172771	172771
11	2208	136293	136293
12	2208	149026	149026
13	2208	154934	154934
14	2208	131225	131225
15	2208	153594	153594
16	2208	126092	126092
17	2208	95436	95436
18	2208	120480	120480
19	2208	133900	133900
20	2208	141489	141489
21	2208	147778	147778
22	2208	138387	138387
23	2208	154305	154305
24	2208	150729	150729
25	2208	138939	138939
26	2208	155104	155104
27	2208	162354	162354
28	2208	154062	154062
29	2208	172040	172040
30	2208	139150	139150
0	2209	2127333	746994
1	2209	134816	134816
2	2209	134982	134982
3	2209	126923	126923
4	2209	111954	111954
5	2209	127607	127607
6	2209	162698	162698
7	2209	158687	158687
8	2209	149833	149833
9	2209	147311	147311
10	2209	177350	177350
11	2209	139648	139648
12	2209	153624	153624
13	2209	157970	157970
14	2209	133955	133955
15	2209	155731	155731
16	2209	128567	128567
17	2209	98925	98925
18	2209	123230	123230
19	2209	135620	135620
20	2209	145081	145081
21	2209	151225	151225
22	2209	140365	140365
23	2209	156463	156463
24	2209	153741	153741
25	2209	141581	141581
26	2209	156836	156836
27	2209	165329	165329
28	2209	156852	156852
29	2209	175468	175468
30	2209	141244	141244
0	2210	2112284	773100
1	2210	134947	134947
2	2210	134604	134604
3	2210	127153	127153
4	2210	111970	111970
5	2210	127265	127265
6	2210	163135	163135
7	2210	160329	160329
8	2210	150473	150473
9	2210	147079	147079
10	2210	177577	177577
11	2210	140984	140984
12	2210	153973	153973
13	2210	158704	158704
14	2210	134608	134608
15	2210	156637	156637
16	2210	128503	128503
17	2210	99781	99781
18	2210	123589	123589
19	2210	136875	136875
20	2210	145410	145410
21	2210	151674	151674
22	2210	140886	140886
23	2210	156507	156507
24	2210	154715	154715
25	2210	142959	142959
26	2210	157654	157654
27	2210	165573	165573
28	2210	156978	156978
29	2210	176709	176709
30	2210	141414	141414
0	2211	2091670	757490
1	2211	136611	136611
2	2211	135848	135848
3	2211	127854	127854
4	2211	112460	112460
5	2211	127810	127810
6	2211	164117	164117
7	2211	160487	160487
8	2211	150834	150834
9	2211	148752	148752
10	2211	178229	178229
11	2211	141066	141066
12	2211	154456	154456
13	2211	159701	159701
14	2211	135310	135310
15	2211	157484	157484
16	2211	130264	130264
17	2211	99650	99650
18	2211	124406	124406
19	2211	137923	137923
20	2211	146574	146574
21	2211	150883	150883
22	2211	142290	142290
23	2211	157491	157491
24	2211	155617	155617
25	2211	143294	143294
26	2211	157658	157658
27	2211	165275	165275
28	2211	158098	158098
29	2211	176548	176548
30	2211	142289	142289
0	2212	2094651	753700
1	2212	136189	136189
2	2212	135941	135941
3	2212	127331	127331
4	2212	112372	112372
5	2212	128879	128879
6	2212	164391	164391
7	2212	159559	159559
8	2212	151078	151078
9	2212	147928	147928
10	2212	178720	178720
11	2212	140078	140078
12	2212	154456	154456
13	2212	159060	159060
14	2212	134749	134749
15	2212	157065	157065
16	2212	129703	129703
17	2212	100229	100229
18	2212	123682	123682
19	2212	137265	137265
20	2212	146402	146402
21	2212	151350	151350
22	2212	141702	141702
23	2212	158109	158109
24	2212	155922	155922
25	2212	143314	143314
26	2212	158073	158073
27	2212	166356	166356
28	2212	157721	157721
29	2212	176320	176320
30	2212	142354	142354
0	2213	2370539	759053
1	2213	127200	127200
2	2213	127308	127308
3	2213	119672	119672
4	2213	105688	105688
5	2213	119411	119411
6	2213	154064	154064
7	2213	150425	150425
8	2213	142210	142210
9	2213	139843	139843
10	2213	167157	167157
11	2213	132053	132053
12	2213	143350	143350
13	2213	149111	149111
14	2213	125125	125125
15	2213	146378	146378
16	2213	120403	120403
17	2213	92288	92288
18	2213	116859	116859
19	2213	127202	127202
20	2213	134507	134507
21	2213	142248	142248
22	2213	133410	133410
23	2213	147805	147805
24	2213	143279	143279
25	2213	134724	134724
26	2213	150017	150017
27	2213	157743	157743
28	2213	149152	149152
29	2213	166820	166820
30	2213	134958	134958
0	2214	2121449	746270
1	2214	134739	134739
2	2214	135283	135283
3	2214	127275	127275
4	2214	112293	112293
5	2214	127309	127309
6	2214	162709	162709
7	2214	158026	158026
8	2214	149501	149501
9	2214	148083	148083
10	2214	177218	177218
11	2214	139854	139854
12	2214	153551	153551
13	2214	158488	158488
14	2214	133877	133877
15	2214	156950	156950
16	2214	128905	128905
17	2214	99033	99033
18	2214	123133	123133
19	2214	136534	136534
20	2214	146072	146072
21	2214	150640	150640
22	2214	141044	141044
23	2214	156314	156314
24	2214	154270	154270
25	2214	141716	141716
26	2214	156480	156480
27	2214	165274	165274
28	2214	157186	157186
29	2214	176188	176188
30	2214	141555	141555
0	2215	2162077	711355
1	2215	133405	133405
2	2215	133569	133569
3	2215	125314	125314
4	2215	110300	110300
5	2215	126072	126072
6	2215	160830	160830
7	2215	157990	157990
8	2215	149379	149379
9	2215	146506	146506
10	2215	176827	176827
11	2215	138553	138553
12	2215	151855	151855
13	2215	156775	156775
14	2215	131991	131991
15	2215	154631	154631
16	2215	127405	127405
17	2215	97513	97513
18	2215	122960	122960
19	2215	134842	134842
20	2215	144425	144425
21	2215	149012	149012
22	2215	139943	139943
23	2215	155072	155072
24	2215	153365	153365
25	2215	140950	140950
26	2215	155723	155723
27	2215	163608	163608
28	2215	155582	155582
29	2215	174180	174180
30	2215	140295	140295
0	2216	2077056	740609
1	2216	136247	136247
2	2216	136694	136694
3	2216	128331	128331
4	2216	112661	112661
5	2216	128725	128725
6	2216	165327	165327
7	2216	160734	160734
8	2216	152056	152056
9	2216	148613	148613
10	2216	180552	180552
11	2216	141611	141611
12	2216	154401	154401
13	2216	160426	160426
14	2216	134876	134876
15	2216	159137	159137
16	2216	129946	129946
17	2216	99926	99926
18	2216	124793	124793
19	2216	137179	137179
20	2216	146553	146553
21	2216	151586	151586
22	2216	142287	142287
23	2216	158265	158265
24	2216	156668	156668
25	2216	143092	143092
26	2216	158113	158113
27	2216	166734	166734
28	2216	158277	158277
29	2216	177500	177500
30	2216	142583	142583
0	2217	2101829	722833
1	2217	135444	135444
2	2217	135054	135054
3	2217	127494	127494
4	2217	112232	112232
5	2217	127711	127711
6	2217	163807	163807
7	2217	160089	160089
8	2217	151243	151243
9	2217	148093	148093
10	2217	178054	178054
11	2217	140402	140402
12	2217	154582	154582
13	2217	159912	159912
14	2217	134090	134090
15	2217	157878	157878
16	2217	128325	128325
17	2217	99412	99412
18	2217	124011	124011
19	2217	136630	136630
20	2217	145961	145961
21	2217	151336	151336
22	2217	141851	141851
23	2217	157898	157898
24	2217	155522	155522
25	2217	143278	143278
26	2217	156256	156256
27	2217	166010	166010
28	2217	157051	157051
29	2217	176526	176526
30	2217	142968	142968
0	2218	2103149	738330
1	2218	136123	136123
2	2218	135469	135469
3	2218	127724	127724
4	2218	112438	112438
5	2218	127909	127909
6	2218	163354	163354
7	2218	159962	159962
8	2218	150804	150804
9	2218	147252	147252
10	2218	178799	178799
11	2218	139966	139966
12	2218	154044	154044
13	2218	158739	158739
14	2218	133817	133817
15	2218	157185	157185
16	2218	129087	129087
17	2218	99487	99487
18	2218	123470	123470
19	2218	136954	136954
20	2218	145229	145229
21	2218	150527	150527
22	2218	142727	142727
23	2218	157569	157569
24	2218	156168	156168
25	2218	143378	143378
26	2218	157430	157430
27	2218	165977	165977
28	2218	157717	157717
29	2218	176663	176663
30	2218	141832	141832
0	2219	2091755	750179
1	2219	136073	136073
2	2219	135509	135509
3	2219	127993	127993
4	2219	112728	112728
5	2219	128442	128442
6	2219	164923	164923
7	2219	160031	160031
8	2219	151672	151672
9	2219	147080	147080
10	2219	179539	179539
11	2219	141428	141428
12	2219	154790	154790
13	2219	159589	159589
14	2219	134278	134278
15	2219	157614	157614
16	2219	128495	128495
17	2219	100284	100284
18	2219	123348	123348
19	2219	137405	137405
20	2219	145094	145094
21	2219	150840	150840
22	2219	142572	142572
23	2219	157982	157982
24	2219	156627	156627
25	2219	143453	143453
26	2219	157799	157799
27	2219	167126	167126
28	2219	158153	158153
29	2219	176498	176498
30	2219	141829	141829
0	2220	2089739	749753
1	2220	135913	135913
2	2220	135643	135643
3	2220	126991	126991
4	2220	112004	112004
5	2220	128779	128779
6	2220	164861	164861
7	2220	160181	160181
8	2220	152122	152122
9	2220	148515	148515
10	2220	179506	179506
11	2220	141425	141425
12	2220	155326	155326
13	2220	160059	160059
14	2220	133148	133148
15	2220	157554	157554
16	2220	129226	129226
17	2220	101123	101123
18	2220	123274	123274
19	2220	136738	136738
20	2220	145466	145466
21	2220	150690	150690
22	2220	142729	142729
23	2220	158171	158171
24	2220	155758	155758
25	2220	143871	143871
26	2220	157309	157309
27	2220	167299	167299
28	2220	158271	158271
29	2220	176346	176346
30	2220	142912	142912
0	2221	2156765	725695
1	2221	134294	134294
2	2221	133741	133741
3	2221	125941	125941
4	2221	110444	110444
5	2221	126108	126108
6	2221	161750	161750
7	2221	158141	158141
8	2221	149877	149877
9	2221	146454	146454
10	2221	177952	177952
11	2221	138901	138901
12	2221	152005	152005
13	2221	157871	157871
14	2221	130959	130959
15	2221	156225	156225
16	2221	126251	126251
17	2221	97149	97149
18	2221	121814	121814
19	2221	134639	134639
20	2221	142515	142515
21	2221	149033	149033
22	2221	139226	139226
23	2221	156123	156123
24	2221	153372	153372
25	2221	140947	140947
26	2221	155731	155731
27	2221	165457	165457
28	2221	156410	156410
29	2221	174347	174347
30	2221	140507	140507
0	2222	2099692	735379
1	2222	136400	136400
2	2222	135429	135429
3	2222	126780	126780
4	2222	111268	111268
5	2222	127390	127390
6	2222	164728	164728
7	2222	159750	159750
8	2222	151338	151338
9	2222	148018	148018
10	2222	179390	179390
11	2222	140922	140922
12	2222	154840	154840
13	2222	159518	159518
14	2222	133691	133691
15	2222	157090	157090
16	2222	128452	128452
17	2222	99352	99352
18	2222	123413	123413
19	2222	136338	136338
20	2222	145488	145488
21	2222	150976	150976
22	2222	140946	140946
23	2222	157921	157921
24	2222	156038	156038
25	2222	143352	143352
26	2222	156876	156876
27	2222	166008	166008
28	2222	158802	158802
29	2222	177828	177828
30	2222	142915	142915
0	2223	2091821	718743
1	2223	136155	136155
2	2223	136312	136312
3	2223	127118	127118
4	2223	111854	111854
5	2223	129111	129111
6	2223	165113	165113
7	2223	160360	160360
8	2223	151530	151530
9	2223	147245	147245
10	2223	180427	180427
11	2223	140725	140725
12	2223	155221	155221
13	2223	159821	159821
14	2223	133377	133377
15	2223	157338	157338
16	2223	128815	128815
17	2223	99540	99540
18	2223	124251	124251
19	2223	136553	136553
20	2223	145057	145057
21	2223	150913	150913
22	2223	140666	140666
23	2223	158727	158727
24	2223	157457	157457
25	2223	142662	142662
26	2223	156577	156577
27	2223	166749	166749
28	2223	158918	158918
29	2223	177926	177926
30	2223	142610	142610
0	2224	2099369	732670
1	2224	136129	136129
2	2224	135453	135453
3	2224	126599	126599
4	2224	111875	111875
5	2224	128248	128248
6	2224	165175	165175
7	2224	160663	160663
8	2224	151110	151110
9	2224	147797	147797
10	2224	180271	180271
11	2224	140741	140741
12	2224	153755	153755
13	2224	159565	159565
14	2224	133196	133196
15	2224	157058	157058
16	2224	128308	128308
17	2224	99375	99375
18	2224	122862	122862
19	2224	136973	136973
20	2224	145134	145134
21	2224	151054	151054
22	2224	141516	141516
23	2224	157813	157813
24	2224	155824	155824
25	2224	143058	143058
26	2224	156326	156326
27	2224	166422	166422
28	2224	158736	158736
29	2224	178321	178321
30	2224	142223	142223
